Fp1_delta_RMS,Fp1_delta_POWER,Fp1_delta_ENTROPY,Fp1_theta_RMS,Fp1_theta_POWER,Fp1_theta_ENTROPY,Fp1_alpha_RMS,Fp1_alpha_POWER,Fp1_alpha_ENTROPY,Fp1_beta_RMS,Fp1_beta_POWER,Fp1_beta_ENTROPY,Fp1_gamma_RMS,Fp1_gamma_POWER,Fp1_gamma_ENTROPY,Fp2_delta_RMS,Fp2_delta_POWER,Fp2_delta_ENTROPY,Fp2_theta_RMS,Fp2_theta_POWER,Fp2_theta_ENTROPY,Fp2_alpha_RMS,Fp2_alpha_POWER,Fp2_alpha_ENTROPY,Fp2_beta_RMS,Fp2_beta_POWER,Fp2_beta_ENTROPY,Fp2_gamma_RMS,Fp2_gamma_POWER,Fp2_gamma_ENTROPY,F3_delta_RMS,F3_delta_POWER,F3_delta_ENTROPY,F3_theta_RMS,F3_theta_POWER,F3_theta_ENTROPY,F3_alpha_RMS,F3_alpha_POWER,F3_alpha_ENTROPY,F3_beta_RMS,F3_beta_POWER,F3_beta_ENTROPY,F3_gamma_RMS,F3_gamma_POWER,F3_gamma_ENTROPY,F4_delta_RMS,F4_delta_POWER,F4_delta_ENTROPY,F4_theta_RMS,F4_theta_POWER,F4_theta_ENTROPY,F4_alpha_RMS,F4_alpha_POWER,F4_alpha_ENTROPY,F4_beta_RMS,F4_beta_POWER,F4_beta_ENTROPY,F4_gamma_RMS,F4_gamma_POWER,F4_gamma_ENTROPY,F7_delta_RMS,F7_delta_POWER,F7_delta_ENTROPY,F7_theta_RMS,F7_theta_POWER,F7_theta_ENTROPY,F7_alpha_RMS,F7_alpha_POWER,F7_alpha_ENTROPY,F7_beta_RMS,F7_beta_POWER,F7_beta_ENTROPY,F7_gamma_RMS,F7_gamma_POWER,F7_gamma_ENTROPY,F8_delta_RMS,F8_delta_POWER,F8_delta_ENTROPY,F8_theta_RMS,F8_theta_POWER,F8_theta_ENTROPY,F8_alpha_RMS,F8_alpha_POWER,F8_alpha_ENTROPY,F8_beta_RMS,F8_beta_POWER,F8_beta_ENTROPY,F8_gamma_RMS,F8_gamma_POWER,F8_gamma_ENTROPY,Fz_delta_RMS,Fz_delta_POWER,Fz_delta_ENTROPY,Fz_theta_RMS,Fz_theta_POWER,Fz_theta_ENTROPY,Fz_alpha_RMS,Fz_alpha_POWER,Fz_alpha_ENTROPY,Fz_beta_RMS,Fz_beta_POWER,Fz_beta_ENTROPY,Fz_gamma_RMS,Fz_gamma_POWER,Fz_gamma_ENTROPY,C3_delta_RMS,C3_delta_POWER,C3_delta_ENTROPY,C3_theta_RMS,C3_theta_POWER,C3_theta_ENTROPY,C3_alpha_RMS,C3_alpha_POWER,C3_alpha_ENTROPY,C3_beta_RMS,C3_beta_POWER,C3_beta_ENTROPY,C3_gamma_RMS,C3_gamma_POWER,C3_gamma_ENTROPY,C4_delta_RMS,C4_delta_POWER,C4_delta_ENTROPY,C4_theta_RMS,C4_theta_POWER,C4_theta_ENTROPY,C4_alpha_RMS,C4_alpha_POWER,C4_alpha_ENTROPY,C4_beta_RMS,C4_beta_POWER,C4_beta_ENTROPY,C4_gamma_RMS,C4_gamma_POWER,C4_gamma_ENTROPY,Cz_delta_RMS,Cz_delta_POWER,Cz_delta_ENTROPY,Cz_theta_RMS,Cz_theta_POWER,Cz_theta_ENTROPY,Cz_alpha_RMS,Cz_alpha_POWER,Cz_alpha_ENTROPY,Cz_beta_RMS,Cz_beta_POWER,Cz_beta_ENTROPY,Cz_gamma_RMS,Cz_gamma_POWER,Cz_gamma_ENTROPY,T3_delta_RMS,T3_delta_POWER,T3_delta_ENTROPY,T3_theta_RMS,T3_theta_POWER,T3_theta_ENTROPY,T3_alpha_RMS,T3_alpha_POWER,T3_alpha_ENTROPY,T3_beta_RMS,T3_beta_POWER,T3_beta_ENTROPY,T3_gamma_RMS,T3_gamma_POWER,T3_gamma_ENTROPY,T4_delta_RMS,T4_delta_POWER,T4_delta_ENTROPY,T4_theta_RMS,T4_theta_POWER,T4_theta_ENTROPY,T4_alpha_RMS,T4_alpha_POWER,T4_alpha_ENTROPY,T4_beta_RMS,T4_beta_POWER,T4_beta_ENTROPY,T4_gamma_RMS,T4_gamma_POWER,T4_gamma_ENTROPY,T5_delta_RMS,T5_delta_POWER,T5_delta_ENTROPY,T5_theta_RMS,T5_theta_POWER,T5_theta_ENTROPY,T5_alpha_RMS,T5_alpha_POWER,T5_alpha_ENTROPY,T5_beta_RMS,T5_beta_POWER,T5_beta_ENTROPY,T5_gamma_RMS,T5_gamma_POWER,T5_gamma_ENTROPY,T6_delta_RMS,T6_delta_POWER,T6_delta_ENTROPY,T6_theta_RMS,T6_theta_POWER,T6_theta_ENTROPY,T6_alpha_RMS,T6_alpha_POWER,T6_alpha_ENTROPY,T6_beta_RMS,T6_beta_POWER,T6_beta_ENTROPY,T6_gamma_RMS,T6_gamma_POWER,T6_gamma_ENTROPY,P3_delta_RMS,P3_delta_POWER,P3_delta_ENTROPY,P3_theta_RMS,P3_theta_POWER,P3_theta_ENTROPY,P3_alpha_RMS,P3_alpha_POWER,P3_alpha_ENTROPY,P3_beta_RMS,P3_beta_POWER,P3_beta_ENTROPY,P3_gamma_RMS,P3_gamma_POWER,P3_gamma_ENTROPY,P4_delta_RMS,P4_delta_POWER,P4_delta_ENTROPY,P4_theta_RMS,P4_theta_POWER,P4_theta_ENTROPY,P4_alpha_RMS,P4_alpha_POWER,P4_alpha_ENTROPY,P4_beta_RMS,P4_beta_POWER,P4_beta_ENTROPY,P4_gamma_RMS,P4_gamma_POWER,P4_gamma_ENTROPY,Pz_delta_RMS,Pz_delta_POWER,Pz_delta_ENTROPY,Pz_theta_RMS,Pz_theta_POWER,Pz_theta_ENTROPY,Pz_alpha_RMS,Pz_alpha_POWER,Pz_alpha_ENTROPY,Pz_beta_RMS,Pz_beta_POWER,Pz_beta_ENTROPY,Pz_gamma_RMS,Pz_gamma_POWER,Pz_gamma_ENTROPY,O1_delta_RMS,O1_delta_POWER,O1_delta_ENTROPY,O1_theta_RMS,O1_theta_POWER,O1_theta_ENTROPY,O1_alpha_RMS,O1_alpha_POWER,O1_alpha_ENTROPY,O1_beta_RMS,O1_beta_POWER,O1_beta_ENTROPY,O1_gamma_RMS,O1_gamma_POWER,O1_gamma_ENTROPY,O2_delta_RMS,O2_delta_POWER,O2_delta_ENTROPY,O2_theta_RMS,O2_theta_POWER,O2_theta_ENTROPY,O2_alpha_RMS,O2_alpha_POWER,O2_alpha_ENTROPY,O2_beta_RMS,O2_beta_POWER,O2_beta_ENTROPY,O2_gamma_RMS,O2_gamma_POWER,O2_gamma_ENTROPY,Oz_delta_RMS,Oz_delta_POWER,Oz_delta_ENTROPY,Oz_theta_RMS,Oz_theta_POWER,Oz_theta_ENTROPY,Oz_alpha_RMS,Oz_alpha_POWER,Oz_alpha_ENTROPY,Oz_beta_RMS,Oz_beta_POWER,Oz_beta_ENTROPY,Oz_gamma_RMS,Oz_gamma_POWER,Oz_gamma_ENTROPY,COH_Fp1_alpha_Fp2_alpha,COH_F3_beta_F4_beta,COH_C3_alpha_C4_alpha,COH_P3_alpha_P4_alpha,label
30.331817745339418,1130.772758614857,1.88152675368014,24.01689993619426,573.238452857367,1.4051238221783442,26.121800652098838,680.632994144571,1.2588036761669155,15.589964993246813,244.37764923626892,2.2562848914281886,1.7599836044732764,1.6442458485692397,1.6295163229323406,20.723951166865874,430.97082516449854,1.2808120740693276,23.20432109351792,561.5662558136747,1.5310660098416966,45.52178264574878,2081.0437368930734,1.2596038733746044,19.29592104052275,262.4882881140001,2.483888312518029,3.026690773090572,9.153156881444579,1.9657269552616021,41.259892856690065,1753.9648507990373,2.281954919927429,27.386922160016972,733.2477120485072,2.1541407171966593,44.921092774967946,2020.2817755633023,1.2588774346911602,12.083950233677635,146.23700195848917,1.2596891297234183,4.346458412420659,18.924944332103077,1.2585756389760627,13.942708811815066,174.66155059949904,2.154790981270329,15.41786442805841,236.5653962506565,1.2631244847372924,61.18296861703135,3783.0990267469874,2.253133918216853,15.517692131477743,309.3239645898246,2.277780598621489,2.158491398454652,4.667154510121859,1.2544599409832338,30.515459410007647,816.5371738983617,2.484091073429743,23.432604163836793,566.0422609361137,1.452427566951378,64.21843163508555,4165.537847466859,2.5646900564114885,4.378855015417479,19.16710967635205,1.2580226606228688,5.533718001272906,30.268234266162526,2.516096092744862,26.225931841181712,918.2641830786994,1.5093764794074611,17.277767799421625,330.79997008218965,2.5320451471789744,50.593820403756304,2546.885305545969,1.8828082917632694,4.330886705127904,18.702365019804475,1.2550756564320624,5.679779937524934,32.7089195353658,2.2458677023370734,40.166666415194534,946.513040170761,2.5520604331626116,21.061832143229665,445.3283439017575,1.2593358466971754,62.10361574916543,2281.250363732076,2.415132586898547,12.609745621173262,158.21090459716723,1.6444513540040053,5.256879448570423,27.97380254955225,2.3330196287768423,26.33650279590848,586.9392344053914,1.388467619632715,24.569047442736583,239.82628800488192,1.6260922146948122,27.27742453228623,745.0160286140804,1.2595267247594608,8.10522412676133,65.60515930717013,2.14431856704531,5.530777198711535,30.49043139734231,1.9517533275931724,15.469599032775177,238.30541449325625,1.2605481584669684,26.178608811362377,829.6255025445638,1.9585687484471175,23.209508726979802,540.6602415832681,1.2589760095845983,18.216417348906926,331.9468267122824,2.771772145692078,4.143231524242937,17.184801709802315,2.2992051257614974,19.105713599907354,190.81884778269702,1.9441479343663433,15.939974905358378,281.42216845373076,2.6102176796975765,30.250403515772486,886.5262360614371,2.0967366260016895,10.895875049151059,118.79987785881099,1.2577382124047556,4.145643018523548,17.239074534617426,1.2591514235819383,11.118289148518151,124.93554553827937,1.2925727819114479,19.210577442069628,368.4102134738573,1.8884199202074061,33.24092777351742,1109.8266522801491,1.2580092039732165,19.930753831222376,400.2465140213823,2.4044228129257728,2.6441322650173325,6.9965118220521765,1.2540384290704507,32.82479875636729,1143.7789307848311,1.8512564519795003,20.495940572676993,315.1646754224713,1.8484029372604465,37.49370204416029,1728.861834074556,1.9445805674769203,15.352538365360049,227.99794926608865,2.4853525047046734,4.712933922800925,22.27544860419973,1.2548984637813765,29.19871019891614,899.1237506557057,1.8664641856442898,16.736721214669654,279.04167836815304,2.2746441427531767,85.93513838914835,7534.664449384219,1.4783575943171985,12.495516554204823,158.49790416204777,1.741693798846137,5.728446460326228,32.62262954131376,1.7602080011633778,38.33317826342201,1318.8345125728463,2.439940208732335,28.02469526285592,745.4253861462342,1.4510115400844648,58.84763382037944,2605.2092688832163,1.8507336980374989,10.131778865651757,105.1456720277778,2.6469278708352957,4.912966788646111,23.73301698317486,2.758554855468582,16.300296861450782,268.4735138673169,1.2586289151991328,20.426831451286105,421.047365858378,1.273631830397672,34.76618296546482,1209.3184006533736,1.2592670721108303,6.208211750480639,40.211435289346404,2.2232992615984593,4.659518151157267,21.773164483700132,1.592859208834616,35.48112756433854,1397.0372358368043,2.3413211338298723,16.189464676080007,265.9031491118556,2.0782682447787066,38.540417686900454,1519.4286004643018,1.9329383718835524,11.832176977628647,137.58702336599148,2.5158967392343894,1.0023234638503846,1.003317772723414,1.2532463120914974,30.16452745762449,1036.899514984682,2.3256182931690756,22.166947474479898,494.5863520487804,1.265707535627385,36.401511887588654,1320.4740383803291,1.2591948437145155,5.0095579361435245,25.1646036179066,1.2576709643449866,3.5942141994826122,12.938066220347892,2.12501332148969,19.228507456217333,367.7007369424712,1.2597976105344602,46.69528978647321,2252.1968892370414,1.2650198670816046,28.541038451424026,806.0518955727533,2.144967060109333,16.47773933204971,274.6998152930435,2.2989530932084405,4.721921403856549,21.497564789725764,2.684068159633234,34.975884747425575,1235.440068361521,2.3544841415542543,18.630139525171863,225.7945512833659,1.5256999537828329,40.69450743945417,1655.9940813325152,1.257440803676376,17.344409469884752,298.11263966915993,2.247866115972476,4.935315861425501,24.45867027988734,1.2582867881700837,36.78976564981851,1399.7785034122696,1.565791968310556,20.48914028596229,494.3061924325704,2.0223263631962123,65.16396009056234,5191.704890383949,2.0643873410305527,11.29715576678454,127.79201175342229,1.2542916597939433,4.588915292569356,21.138828150216273,1.6265565987111148,0.9999999999999999,1.0,1.0,1.0,happy
30.88390527344419,1030.911375548941,1.8970096203504703,16.76612533573828,112.12123397829464,1.3843476484960893,26.065481676305954,680.8646756103892,1.2585325805164207,15.596604246918323,245.7858423536206,2.25602025915809,1.9933938209255475,4.444463567722298,1.4500632717651876,20.478360053295518,430.3250406632911,1.2839350245281032,18.69028895608335,313.5771272768381,1.6405345780129597,45.60786769610537,2078.9168092058917,1.260760759000227,21.160663027306615,475.2966248221205,2.3156045332874196,3.0256486915088696,9.13332490260583,1.969478505799687,34.027618032442916,1041.125306360213,2.191971129190638,25.23582924975232,624.5330108926572,2.2122870763077196,44.933196741972104,2020.649346061519,1.2585874902370622,12.123741595148296,146.40687627903,1.259243498761328,4.350236877969285,18.887418670043505,1.2567961485010184,14.761141724744906,109.73769852853503,1.861535751354328,15.364099592234775,235.2933814324924,1.2640883479817149,60.80044075852097,3772.5735033154156,2.2530460014934293,15.63762180398331,292.9587727834403,2.309244696310026,2.156385048796269,4.656825107000832,1.254625033530592,33.280179315228324,1103.2742937520327,2.364150298166456,22.862516105689682,396.5748867548335,1.3448010795571634,61.35306070510566,4177.552310298509,2.5533743794592847,4.38463994925041,19.189923293792248,1.2589428243997887,5.56670439440033,30.241333486215712,2.5179913993069953,27.15659479380695,750.3618652663893,1.3007615739107055,17.09227489140488,278.53059509461957,2.35552728617473,49.53777648868506,1506.301248480548,1.4009926793386116,4.334339213965424,18.81158509372276,1.2557139498263923,5.714942012060396,32.660709162055895,2.245666204840213,37.82502561601362,1634.8721000784155,2.261052530135295,21.1571321399114,445.5206074970573,1.2588624198775158,56.8397914831293,3822.8877579133805,2.051718647287409,12.589927048634186,158.1160743960233,1.6439966522123681,5.354378983634736,27.986680758572536,2.336131213203088,20.809001584727483,252.81967464195802,1.2461468205302133,22.544519759907732,803.05551972192,1.5495414307698443,27.2822911317809,745.8829010083008,1.2597488867111892,8.082545806973156,65.62229980191375,2.143425789214104,5.514061229571983,30.48244661067915,1.9465758241913544,15.470587587931103,237.96003173270415,1.2608228519926838,26.443935088214012,820.4574583424994,1.9383594605772743,23.249931131914426,540.0657774597145,1.2593343231047585,18.248179728547743,333.9837317590012,2.778465304464819,4.1490149386085236,17.16682068034769,2.3069118891617784,17.763667077736542,339.68926082424093,1.7549863294476706,16.869986065875484,282.08304072391127,2.6125599357890317,30.178576197439565,887.4605717745234,2.0971609026089557,10.922822683849096,118.85549383335939,1.2552474312532746,4.144294491369803,17.114915475101242,1.258365392701546,11.039269951055784,124.83112889525088,1.288854611653719,19.904962368596927,369.683935464762,1.9013225129920202,33.34251836928209,1111.4461174772136,1.2527095152565983,19.610031679325207,400.47143426863715,2.397821094351497,2.644639436351973,6.998405375891086,1.2528607115268813,28.887987870205503,823.7152143724753,1.9936920869692447,20.529205602149773,214.05511772203423,1.935765683253306,40.872299212313486,1228.2051886802244,2.0533835830229386,15.38749028962962,228.7561803180253,2.486361879088833,4.710215917146321,22.239520450097643,1.2553928424590184,25.384067797780407,649.3664126240701,1.9500164850839017,16.610671024461734,279.66324177002195,2.264847554516853,84.75387686124442,7240.23776866489,1.4947997638158825,12.387468235596298,158.36914409842475,1.742753477810937,5.717599304202471,32.58365601277852,1.7622076338717618,37.70954826535355,1291.627832339522,2.446598784254547,20.127615599768994,148.12139921847262,1.881593322354157,60.826295141177646,2265.098625039528,1.8222762727443318,10.323968564101861,105.53980639551158,2.6637156224323446,4.856137169588374,23.60402550846963,2.7580981193739404,16.326944573010437,268.421048891672,1.2591030860117407,20.482071481512907,420.59155283499973,1.2588476124787602,34.797484926681896,1210.0314872701156,1.2579675919353384,6.340096271394148,40.125600723824874,2.2289775833316035,4.666313253972132,21.756036241979242,1.5972209181139183,35.08243772095649,1363.5088899698653,2.328233196389274,16.20074057590874,263.3936227083147,2.0274550877560236,38.59234856580069,1507.678420297549,1.9248354916706316,11.720906097914119,138.44174401295777,2.5201376707120215,1.0026532810279816,1.006129974085672,1.2528600330022763,30.942458049622005,1091.4883411081726,2.346407116624761,22.23051475796176,494.83911232326557,1.2546852120624588,36.464067492386796,1326.243167962748,1.2601376985532131,5.024771615479604,25.17064080815588,1.2564734526302967,3.598053028718609,12.948327866395921,2.128457564551386,19.238902978171154,368.8454676850112,1.2601447755242332,40.6279093159513,1651.4923949595843,1.2700416449508622,27.566337748525154,802.1685871128643,2.1317386413875146,16.532510984757057,273.94036491357855,2.2967053502253747,4.559340088055313,21.371467969166233,2.7087613213268638,33.13463209335374,1165.1573487427918,2.2479100338658093,17.938688840053832,316.64930252695024,1.6044729905483277,40.83516855044776,1655.0198557815456,1.258895252558649,17.414074610981842,298.2535277894171,2.249618430578677,4.947841350189178,24.53367240384824,1.2586519075498235,36.02618568155347,1307.5780180536353,1.5845749550608057,20.43452183244729,491.08577438602515,2.02668793591916,56.181992993527004,2248.3782985349662,1.8678371907758633,11.294251513164696,127.57868064198075,1.2540122189835343,4.588727831917882,21.224991034647715,1.6321946808192838,1.0,1.0,1.0,0.9999999999999999,happy
31.1838643309509,908.2754137320578,1.8661359802704363,26.607694103720192,749.5835279880165,1.356125425149123,26.00700713399975,680.0760662602145,1.2561832222340379,15.73580195606197,244.84669451317671,2.2543502698515923,2.0019739494220996,4.710285519950268,1.4404866671248826,20.792711273470697,429.8127044582886,1.2607471372771872,18.172196128788986,286.4248492536433,1.651870466037314,45.563270787692105,2072.9278018570185,1.2571877482063607,21.390198503715215,519.523461571946,2.2682766749659176,3.020997512594815,9.14115907170154,1.9690074820755212,36.25160258182935,1181.966375646515,2.2914892429327387,21.15126052326419,486.83105921915916,2.2396921284851263,44.91695949145219,2027.3112959757318,1.2586561011399844,12.123901019791754,145.98979366856238,1.2582369686840702,4.347184721621894,18.881183088405738,1.2573256214744524,17.68800027418234,342.4144196239411,1.6365844205295936,15.328293389119267,236.32447215772936,1.2685497578864382,60.854249947182176,3755.5841580213,2.250781075283497,16.219328788479938,271.70448141609677,2.343209503047017,2.1579113628394735,4.663219622668425,1.254614935636159,36.43531424807079,1635.274961038063,2.116475033163334,19.526584827394114,350.39683673502134,1.5191949280474324,65.31483609177268,4155.902244084302,2.5611097926606448,4.365226293116648,19.121716779425604,1.2591671377427245,5.420914228927728,30.322639853281363,2.5161101347534975,26.75492700832339,851.4595402315999,1.4556637470781795,18.384714330653438,268.73081787608487,2.4555719534300873,42.64126723811933,1947.7951000355592,1.3363084078968204,4.330330366038364,18.727017354986373,1.2543903337428746,5.753241174909174,32.563117910021944,2.24575039749738,35.20363511341185,1517.2563970730182,2.20350033782819,21.19935895262059,445.1156215129494,1.2594134877892322,57.77295562904579,4202.255621924167,2.0623057559866163,12.475206639899058,157.68971862456988,1.64279627685953,5.344678477901316,27.939816657473955,2.340450357610709,32.26791569763509,1185.1599151600683,1.3489457214278378,23.828012256534933,380.8369600731713,1.8045228295164222,27.305266043295163,745.1449142192879,1.25789840506112,8.101141982783801,65.57076708917883,2.1453016812308916,5.512900008706683,30.43135514617532,1.944570659071592,15.458384616046796,238.10265902556011,1.2641177546798816,26.476515887920012,812.7831645893102,1.9568308689921439,23.194433326602244,538.8940005461852,1.2592872460051359,18.212725916663075,332.2174632687288,2.775240912451949,4.141900264438833,17.13072403598114,2.298959624018069,16.743016406850696,422.46201522969966,1.6579276534187737,16.507470024529596,280.898006611223,2.6055333096469897,28.601925198394195,879.8291973674163,2.093782139269518,10.90500640148983,118.88598190757061,1.2564151290714358,4.141928549712502,17.139694452385577,1.2589797254513648,11.288070722529506,124.91260622304192,1.256497225092553,19.08718018485741,367.357610556893,1.880981972814666,33.433650527426394,1116.3325772540218,1.2593233542892448,20.21962489411097,400.5164022269677,2.4029912074015614,2.64253619515992,7.007978092795835,1.2562461452808213,26.35547313570045,614.0760499904611,2.0806636829761405,24.025019869997745,919.4052329490681,1.6504383334559645,42.274173711285485,1047.2492705161799,2.044218045709203,14.82583291148594,227.64446045836294,2.483652117097095,4.707954600066996,22.13426874694226,1.2519555242838873,20.783638879606542,392.77156156552104,2.1719818815256273,16.9337101809323,278.9631868267004,2.2504921411027063,83.21779914381584,6823.437121382549,1.5381115782736783,12.81362854722863,158.45459409350423,1.7417375404298894,5.701469878598828,32.5571030924823,1.75917388338216,46.27604152205571,2674.719358202062,2.1484610376894833,32.93231766386258,1214.8045373996513,1.3448404829746796,51.032380796078286,4569.390425805338,1.6723816712382378,10.459915297734975,105.84452360654248,2.672213005861087,4.812594904745968,23.574991442924865,2.7568950140679696,16.36475848206929,269.4898733989657,1.2610854780158347,20.599823345661594,419.7167999519644,1.2634057136250496,34.81609943805535,1209.4958675767307,1.259078400746772,6.481676529721586,40.268153949030896,2.2334295410082716,4.673671888503689,21.85697017324831,1.596505145594639,36.742540346194446,1292.928560941338,2.244577708453231,16.30381887802197,261.2249055755735,1.9945554219960266,39.09428817774749,1512.8137743475643,1.9321296084885868,11.589185377015092,137.7288783794512,2.521898550959285,1.002832766911778,1.0026623414843725,1.2518590176593556,31.074843757991836,951.1466086553355,2.196812323954921,22.299643161767317,494.3673457928356,1.262002496686726,36.26139763218949,1318.5442733144168,1.259516989423638,5.028794011136809,25.2515585797103,1.2566649730779011,3.6013394817626514,12.96135201954915,2.1250554969386735,19.22173722304156,368.28611065514116,1.2597635751082026,31.303307123380208,951.9539364236251,1.282197909803175,27.834099408986997,801.9942055164296,2.132203530829699,16.63111117859242,272.9641052244592,2.3069349973620996,4.544082753014995,21.502588776519445,2.707161997862948,32.669810453454126,1146.3772033575208,2.141359297323948,16.857001928787874,411.1991671897863,1.5542909300599017,40.84729816566284,1662.2049725216302,1.2591466863530807,17.320754813109385,299.34885871933363,2.2490764559318004,4.94835256734978,24.42188366319193,1.256848683434306,34.324074063131874,1160.1516507049514,1.604541063769779,20.437406966711634,488.7893386240863,2.0247451761277167,62.55529275243863,2676.8028510177905,2.068894784562689,11.290732626347046,127.35201077004554,1.2542777664630806,4.592121719831076,21.057362592928467,1.627338050222316,1.0,1.0,0.9999999999999999,1.0,happy
32.158625177049025,812.3590832473433,1.854086714619764,30.416255712830445,1083.9669561089677,1.3204978482688994,26.027224368173105,680.2675402856686,1.2541839022411774,15.676664742220476,244.67827971887917,2.254224090031104,1.755895305393599,1.4886163975547173,1.622538463881299,21.007560007214526,433.32385939438757,1.262596980616346,22.775161621933446,513.1296748201579,1.5466216499007874,45.630560215432645,2082.739498000916,1.2600413599676963,19.253239482162115,238.09085813530996,2.439317644233802,3.029703863699558,9.163975870920941,1.970392348002786,44.150347129337675,1957.5064776389986,2.204248936207248,20.069460064741655,377.46180839622554,2.2426566605177136,44.90197929295507,2013.969704266726,1.2571060516666108,12.070051917149282,146.0280357894074,1.2601798577460335,4.341629108470545,18.822402348367746,1.258206851418972,12.706021539377593,173.44640034790797,2.1124410218898113,15.30702194501986,236.88185633426409,1.2684005267472223,61.29834593347737,3775.5377000506196,2.252643112280509,16.2432203777472,246.82840713628522,2.3377212880148326,2.1599184742125073,4.662264268356003,1.2524214456853697,29.37397082665689,515.1202115900098,2.2494584356992138,14.836653890791238,298.7989587431985,1.6342051419948787,67.04181012641502,4145.248377793463,2.5687633112197914,4.37410518347253,19.058917445059215,1.2574880837510116,5.523710561159479,30.318595585396707,2.5129435092315457,26.600035100838927,848.3883373694346,1.455226975946963,18.582810020798956,291.7751825863062,2.556172666689501,45.93476533541451,1580.4333117177166,1.3500498273645452,4.327980837788211,18.77778038027368,1.2543780073692272,5.660606243942599,32.70652980719145,2.2470632011660303,37.42139442181681,838.785285820336,2.4127522687873686,21.158591371818353,446.980061160458,1.2600951791138204,65.25001109646325,2192.1031511156953,2.4412108438344866,12.608711124510483,157.69093147908404,1.645324601158201,5.256560977797054,27.84310326915141,2.3314407724164403,31.714778488922953,1102.366940556129,1.3573983842625068,23.262812542098814,605.9222151625768,1.657638938580274,27.300458631023403,744.0344004300883,1.2599027289091793,8.077966886168275,65.42870255174755,2.143653628933308,5.518143120767419,30.631194157286675,1.9490397050817576,15.445122559466313,238.89399091124056,1.264567131861237,26.267887714029595,800.7602673339227,1.957056540077785,23.25223962961719,538.4905676484182,1.2594572538595394,18.231514452386953,331.8998576983416,2.769065653364625,4.139804557921746,17.177490199578653,2.3030118390893524,19.19845687109702,152.48413492467282,1.76455080344158,15.699383245082737,279.4526209896121,2.6026589221107628,30.426039428841882,885.8764745676244,2.097735079860945,10.874680728603874,118.43790913324194,1.255568795883741,4.1398392530103925,17.107946722076743,1.2581992515090288,11.2265788551702,125.31599563390715,1.2818795582087406,18.498784214368165,367.0805547491886,1.861184158844816,33.204418226333146,1107.4733537517454,1.2567774123006121,20.242542552442313,399.89149974987515,2.399206409747316,2.6472464968346023,7.007433932549398,1.254474155913678,28.199838436915517,693.9159385602192,2.030753864053957,20.595997473112927,429.39493807910037,1.7874110026998586,40.33691555627877,1387.7855709751352,2.027322622377624,14.973545067327121,227.68886943682298,2.47944779176388,4.707349612054692,22.158888236831626,1.2539912372201143,16.525947403723244,253.1051152412559,2.2976462193925005,16.870054591549867,280.14824322406207,2.2706281857127726,77.02704799402414,6090.042244683204,1.5113014718405549,12.653006752083343,159.1749579387579,1.745450403676569,5.69210996270523,32.56303547018102,1.762533592691507,39.23758160304628,1279.6527805978742,2.3213646620066815,34.07915851650707,1347.6288586447693,1.3308625694206062,56.49724276922321,3145.530039781182,1.8165774314779024,10.461271840256472,105.40866283533522,2.672610459075901,4.830511904980337,23.62092123354763,2.760288534967698,16.41292374591547,268.57715287523456,1.2600089809325248,20.362044945774404,421.077447699765,1.2762846577943068,34.824949478013636,1212.0351447231149,1.2592433115368535,6.526802331101627,40.41070910700251,2.235283949523056,4.681286966908136,21.83872487736697,1.5960099223220716,35.44723694863667,1322.1214544067311,2.294496329018412,15.942798327967504,259.37418082608673,1.9784883634169053,39.24412445303176,1519.280016945398,1.9348405856367736,11.608886235341181,137.93451843446147,2.5182519462107216,1.0028424339840152,1.0070907041749386,1.2535131078939497,29.92133791624531,1003.3177126464525,2.284772734681815,22.098789449414348,492.5021004135368,1.2621961215902358,36.31269372553354,1321.6726981553845,1.2586585838953426,5.0156852170501205,25.191629595378068,1.2561344731517428,3.602981792099839,12.985811649657194,2.1261696177933382,19.21301748156589,367.1659397253278,1.2595107754079578,21.283542529796772,410.0564592029474,1.287768214141108,28.88355495637888,803.4415156864145,2.1454895661992466,16.70563311093421,273.94258237097733,2.3021081576865843,4.792010493627199,21.484054537914556,2.690696015037968,33.13915230509511,1186.94953535532,2.28796901458385,19.055866664534822,188.2093838338558,1.2590340126074946,40.70625362478265,1664.1804501002373,1.260199140902419,17.248419371948827,298.45029648851994,2.2491330536371743,4.936951208760695,24.40392412422627,1.257303451910906,31.440819363564476,982.2111272363652,1.6541326778845107,20.454785866957064,489.39887882224383,2.0261230889500244,72.99081875692914,5535.416540401733,2.0553355952105785,11.291186097831929,127.56427292202149,1.254391360181127,4.588637894087357,21.170324936282796,1.626467130267901,0.9999999999999999,1.0,1.0,0.9999999999999999,happy
32.44952555846107,770.2493218919947,1.7833168221315978,21.34503173599142,379.88497695815073,1.44922179089515,26.153391697037122,683.8871675944828,1.2548311436420128,15.604554882051707,244.9204631506215,2.2553685649267137,2.13333769025585,6.413487731883152,1.3774507577361828,20.67365748509965,432.0845966375471,1.2842370194005843,25.82230125141901,697.7369316088848,1.480313263608457,45.55057199991584,2070.212845372994,1.2574062411084608,22.206011111108126,641.0146606474294,2.145689379695046,3.02118050515034,9.162614546295574,1.9733663172514426,44.922722441909016,2180.58376421397,2.1755053806609257,18.992794811312883,327.0599075200136,2.1584379151659503,44.975497555542596,2027.1496427653694,1.258772089865693,12.039812412068377,145.74118595717036,1.259755438195264,4.340390484914138,18.858058023851115,1.2591249543977179,12.876875229932889,193.06698188674946,2.091224246484248,15.321448977864382,236.0361217694143,1.2629849134493552,61.639714287314185,3773.8171558644412,2.2553731686381675,16.327837073366055,225.59112122679218,2.278431055611223,2.159203792102628,4.644978306395629,1.2524369380868907,34.86963816380374,1355.1110015047761,2.109579021606387,11.183571792606328,157.70644737350332,1.753114296878176,63.03160436591788,4155.369098444513,2.560350784057827,4.3687610062708755,19.110078674867385,1.2586955603415455,5.570014525185813,30.311499014909234,2.5175551605465025,27.311917788799285,757.5112211430164,1.3029947859678956,16.72291034338114,318.5381905929989,2.488539216666906,50.44234453560205,2007.6092953947857,1.8250220803190191,4.334280127678632,18.796491013745435,1.2579041917120772,5.721498905847924,32.42052300547875,2.243114132644351,34.83043504763963,1925.6486879763488,1.9004409875769015,21.046885319787254,444.4831357431341,1.2582585494486003,56.23509975567071,5108.6851724202,1.9816955320126384,12.58259842910312,157.98109957531722,1.6435384483881237,5.2125414072746405,27.957643641073094,2.3378906617035913,20.92791703408184,267.1872860585592,1.2295480992965366,23.226740379831742,604.3924274004435,1.6551155102790742,27.244100536754573,743.6756898857308,1.2610378622799985,8.087346681195253,65.53039310279847,2.1458651533623847,5.5157020803629475,30.348197655593477,1.9435952949109996,15.429079686566444,237.70809156832993,1.2639565578185896,26.682751152219765,788.3196256101073,1.9510568683503684,23.158601926018846,538.6552544311182,1.260260381962364,18.31678509705292,331.97745326815357,2.765945382754265,4.149776171856783,17.13986001592231,2.3044957598634053,16.536476242575812,462.1813711851018,1.6261552425733705,15.52620720218061,279.78485958323506,2.60797098674204,30.323016614290985,887.128331558464,2.098709312861645,10.892869270008866,119.08129683149681,1.2586188753407617,4.1414432955868445,17.169950900764587,1.259306285478638,11.041109028991583,125.32061513639334,1.2959572326986115,19.281005278275895,368.52905734711,1.8959284949995385,33.40759395481696,1110.2027812268218,1.2544460203432861,19.701232889715527,398.1234042115524,2.399890169344857,2.6515587656664508,7.021411405830047,1.2549116017477953,32.39895099744096,990.4246397659755,1.8957561119202313,20.1846252500653,138.58548552232534,2.0275205053149277,36.80666409277261,1870.4735693425419,1.9087649588221902,14.783808978046034,227.72400319443736,2.4818724950335715,4.71325003298453,22.266955520550063,1.2567038188577688,18.612202342141597,312.4762512039495,2.249357580624936,16.607641124189215,280.7955292960244,2.2710019354889788,73.59413765691308,5378.618865570174,1.572793422313876,12.37668288340307,158.67358892905932,1.739840334806364,5.687538592861301,32.521485773040254,1.7611183293015849,40.32802849665155,1185.3806115710956,2.36565168135013,20.959114229039475,257.7288618516465,1.6772449108896372,61.844472586314694,1915.2419777201135,1.6874157822878502,10.343725613813502,105.85715142151011,2.6632953884677963,4.818432351959371,23.570779067263597,2.7568332573036956,16.453874299724312,268.96523709092213,1.2599363219749196,20.53425903033518,419.8260214457944,1.2549572794694295,34.83228153724893,1216.0047694840334,1.2601172554877913,6.449913042068787,40.120687354478044,2.2304055933135647,4.659316960338228,21.832180013950722,1.5884566629120966,34.5380831315313,1438.1535977565013,2.3560169550644177,16.367929021335794,262.37571759293616,2.0178162936631443,39.34439592121195,1515.4352251461837,1.9365281406183013,11.701128476695075,138.20541009636182,2.52464006698,1.0034438285185843,1.0077383528588746,1.2542204477229246,31.711525780405115,1115.5159800552378,2.351793688284663,22.270703095758368,493.0160479246792,1.2534013252764948,36.46030144269507,1318.3448071861317,1.2568369702448652,5.00569225544594,25.141456282840284,1.2566861663753675,3.6042749476847904,12.96268864503141,2.128071518166466,19.225459377886754,369.9629413564235,1.2635231486316194,16.14562663889467,216.4458240917245,1.2368135569844145,29.038729129985203,805.0522665049363,2.149324764955268,16.588029519493237,273.90731278046,2.2989139011335484,4.602046980581446,21.4787989409907,2.718105858730802,36.29884029535536,1258.9406252398346,2.370942020000498,17.01685905241659,397.9211001125382,1.5634222986366428,40.606441805464,1662.0601238432378,1.260119891966167,17.328305516402,297.5959643570372,2.2471306593299305,4.948976854040429,24.475893358063214,1.2590224331052928,28.578237046914467,790.7320267150285,1.7146638893029413,20.454729899365077,488.4825981334036,2.0279004801294422,69.65169606069591,6286.911387730872,2.032175792089365,11.303430551283444,127.820205984646,1.2541399648757359,4.5906611305291785,21.09798826548101,1.6297835998060162,0.9999999999999999,0.9999999999999998,1.0,0.9999999999999999,happy
32.30381122533859,796.6521545728139,1.8408521831160851,18.18468932645567,184.17080725898336,1.5714517651800473,26.166027224651383,680.897129024328,1.2563523027372838,15.701450345618248,244.91427799702063,2.255853178478286,1.7616720839272897,1.7134485450601085,1.636730238504161,20.53226014802645,431.16537098635405,1.2783221151546598,23.929104594270413,598.7385696887335,1.5168833440868157,45.589126366261105,2077.7243179043994,1.260817620374029,19.3936024796949,284.60656858037277,2.496459198024501,3.0241966391521777,9.148178875627684,1.9725919709744608,38.824735756784065,1508.0493611652769,2.3056639660501284,18.333965094647724,355.1841709088847,2.1817011952024448,45.00356174334502,2022.1428420411437,1.257091671668619,12.072071610100911,146.3004378264947,1.258815928828685,4.341064763578195,18.851363350667466,1.2599441345770812,17.479735650643544,365.99109850903096,1.7240378077055154,15.353079162023635,236.8864054585113,1.2609903586169242,61.67862839927511,3770.392387933335,2.259229586515052,16.643627488683762,210.35443445373343,2.1672469702580526,2.1618639368528463,4.679948854368113,1.256007674625978,33.52956909452481,1214.9241412774763,2.120238300217564,8.875992492002302,55.79378446172016,1.9950948825109753,61.7688964005132,4147.513207823443,2.5538363282903807,4.379138231940328,19.158817836104248,1.2597136596098621,5.4373962496722354,30.301605453078114,2.5186941318596463,26.15934814840365,917.8245401434735,1.509116574765708,16.21511731071445,343.86849422635714,2.4191996446508446,47.8323369434113,3734.660013463932,1.7788875345359245,4.332094606895007,18.753664139827446,1.2580088301245145,5.725561234361463,32.6403102133847,2.24632732738862,39.032405869608766,797.0085187948763,2.34555734112537,21.021378145460467,445.88172816945576,1.2587105074033946,59.222748707819534,2519.073312538946,2.2838248479522223,12.489873641129542,157.85834717457152,1.6447903807509123,5.270700338642906,27.9526644116206,2.337039015096889,27.612566487974057,667.7029681457415,1.3545550551547128,23.939101583888256,385.91740019543334,1.8048144172151173,27.33181525731552,744.8346982866136,1.2593420594524583,8.10309960268985,65.45493603229808,2.144073598271187,5.520629208009695,30.459773481796564,1.9446296732794754,15.4325591460319,237.8602666035064,1.2658452926690125,26.34259601173785,767.0127489255019,1.96777212591218,23.241971704806318,539.3538310562803,1.2595679392443322,18.18785987819306,333.10218546915036,2.77178644633955,4.136743162166489,17.117277690798772,2.3020711425972826,18.436291766343064,280.7624604466295,1.8847568996934114,16.281910649304372,281.51185014406445,2.6003830435404325,28.60291332919515,878.7287886150943,2.097467105183885,10.924623166174426,119.0629212620876,1.2574834243065642,4.142911018306966,17.228927447372904,1.2593241165638407,11.236342278158542,125.21309893007228,1.2621746928423172,19.882964832386996,368.2477366826916,1.903236992031826,33.40411735132166,1116.0288274375764,1.260672254269893,19.957885264758918,399.45358390752506,2.396931831338512,2.647953139844723,7.018081032747053,1.255862897207013,35.11363795687061,1243.9451470892145,1.8062358890020214,24.29941889270525,866.83952334415,1.6447972971435432,35.51431564280641,1992.6449631457958,1.8701085420454375,15.33496641744583,228.44358283606473,2.4802969913441766,4.716823597578863,22.188041326457476,1.2534335570538018,23.942153243842306,536.4737300087147,2.038091657252478,16.77919968257833,279.19807398826777,2.249456080645942,67.63273907527787,4549.493343166232,1.6202444982415132,12.749105409216929,159.1183982019553,1.7451982984063508,5.689696927959526,32.61359437635897,1.759409330901268,46.29300091321275,2677.5039386011213,2.1464411193996207,22.741838099493695,413.3652167770171,1.5166831240489438,52.272739185254025,4258.579297200828,1.7019934209128023,10.193556779575307,105.34385512997314,2.652669849774211,4.826481628000192,23.664100112411813,2.758890186982152,16.484159699600774,268.401482587608,1.2600616226854835,20.59978808645926,421.0645176131205,1.2651152608949014,34.83669005111374,1212.4054396353085,1.2607574882837236,6.311763769015649,40.173829834532114,2.225599641663888,4.6633972428771235,21.729701998378875,1.5925373727913112,36.01859516739223,1303.6682151140876,2.2713114346884935,16.195176036747686,265.31174343306503,2.04382387409999,39.27984973436475,1506.032248317361,1.9316388403885054,11.838447711115888,137.45978979913576,2.514690008619476,1.0027004323436866,1.004808589672355,1.253176609653509,30.838594476963536,982.6625315313968,2.273196340126403,22.243424163647997,492.8583772733852,1.2656810833831962,36.302934412685545,1325.2450129425447,1.2603075651260605,5.018646692641846,25.207725560460688,1.2573144206949878,3.6022461786277447,13.008796498814021,2.1266417626115617,19.207260448759857,367.15647854475293,1.2603857833997347,20.036493395533796,373.12591031611674,1.292758569325525,28.078831325112137,801.6702259906423,2.1418603612388636,16.598290327459313,273.98808180447696,2.2971320701809783,4.583529555548136,21.423654073708132,2.6831763045445927,36.76300141176429,1256.6739573913756,2.3691817852784838,17.564120724007232,333.0943284186523,1.5988876990821679,40.71851013115566,1657.2628184858452,1.259674770437558,17.317135642175014,298.5842246262569,2.248501735984665,4.936433675840952,24.406573014216544,1.257509568998696,24.796752632515638,608.4183655252583,1.812698079343097,20.467912894128293,487.13096050334633,2.0307747383977737,54.54512619080764,3936.3759391166345,2.0315372558311577,11.316965234928432,128.32829939496537,1.2544720419234388,4.596297666237371,21.11048277904701,1.6338518839584153,1.0,1.0,1.0,1.0,happy
31.649287447269536,892.6855660390681,1.8734861482321397,28.749707731364605,925.475452391515,1.3331424707814052,26.120026716731736,680.7706567522766,1.2594037592173712,15.669554796737232,244.55248633789776,2.254549578093921,1.9849757798285856,4.338129870058529,1.456762459798811,20.853580840684533,429.60566709057343,1.2580206016690128,18.855334514298974,344.6603857607384,1.6178310249170338,45.512320948025724,2074.034663943662,1.2577687847216956,20.972286017393486,443.96387367096304,2.3495642636076988,3.0290868238624142,9.162488286983182,1.9703606066421944,32.2173912188449,973.0586606995005,2.1453480813915564,21.454588276649048,457.2882807219999,2.2722721090515625,44.97887287330311,2027.6949855596547,1.257962011674478,12.116202650015838,145.96032401122739,1.257959338547462,4.342864487949528,18.866464359108527,1.2585572321713692,14.900992428460519,105.86330678576762,1.9255722631485712,15.386626803672314,235.22501877710047,1.2569211422539082,61.738558528443306,3774.3162437372753,2.2590731959548527,16.639597447651926,205.0293495696263,2.0519379114987837,2.162053075603897,4.657346859401847,1.2543246560592984,29.488193158694692,462.009735744872,2.205010229027709,7.833187236338816,46.85550132761403,1.9807420649972385,66.16596218722442,4143.364371936219,2.5635948793978587,4.371742190911094,19.150040742434875,1.259769586674405,5.507110788566546,30.387730920598134,2.5160806230516997,27.40899020987447,718.7374783722294,1.1759708731442582,17.77726311094105,350.28902128047565,2.574009864151537,49.87984925758199,3206.645956090557,1.848603009802521,4.321331795814073,18.651087442774706,1.2550449459081736,5.67046446348824,32.692447112025704,2.2450238506674403,35.229751993310806,1604.4802219266574,2.2085123629095906,21.074596285080766,445.85114697661743,1.2602606843488688,58.070588429165774,3369.7796335487105,2.1611189029121785,12.637058887077588,158.25988194816463,1.6406522777690458,5.353348531014085,27.936265835961386,2.3382344110981506,32.86911713335375,1375.7178272277636,1.3408342805988078,22.50901650976308,802.3880771990952,1.5510493559021037,27.296642013639868,747.6578211151316,1.260617766166404,8.057186318488037,65.42613751292076,2.146857548518873,5.530633091279052,30.46013288926505,1.9487708860424091,15.416164726286793,237.76984307693223,1.2657876674927948,26.60260504847441,748.4821305815439,1.9485701285897092,23.219264308259053,540.331442753097,1.2594464939637349,18.283095352674593,333.15752691562255,2.774726822539946,4.138702766774246,17.15699115590742,2.3022298528288134,18.86350104537218,235.47509441953244,1.8998265994229244,16.8875051722184,279.56150462900854,2.6010404288842097,30.353682414532148,890.0314613418359,2.094572164182758,10.897454110573126,118.37127985722384,1.2549571191725075,4.144492442613117,17.16792641951561,1.258803798399611,11.288058804863423,124.69070878029474,1.2704123378462129,19.014317917597868,369.087499856176,1.8856061249794527,33.2304918610493,1110.6123956328518,1.255256435377114,20.28219301177994,400.857478210958,2.4031274569907053,2.6444541262114543,6.978872176324137,1.2541804494191549,34.225943966043914,1231.3782059224427,1.8059160261138372,20.6929127847385,539.5132941919054,1.755657589493886,38.34849498482229,1618.9254907072238,1.973786195733501,15.42558348548054,228.1097232910538,2.4802242663814664,4.720456832337064,22.286857601698326,1.2548214151654884,28.094232041022174,809.9082282795508,1.9071701293626078,16.86236856646274,279.44235353828566,2.260775639979864,59.39234518403591,3636.5128152209227,1.6263484488317324,12.759770643174615,159.14513860186918,1.7441911436566677,5.696632522332744,32.6655575302243,1.7584907409098238,36.460191938321195,1405.1112674484891,2.4253853368227953,32.720460069309475,1260.5990617559023,1.3124026160869546,54.27612057454943,3714.6403634730423,1.761634863997125,10.125417782526851,105.56218538191617,2.6494665881189094,4.910398184652162,23.657171834596845,2.755542484460265,16.487640812986736,268.1656263357722,1.2599601933256865,20.39812245767916,422.3472238048024,1.2727205944312678,34.83011835910273,1215.7368567790188,1.2608932231923042,6.200210474896858,39.97422036965866,2.2200220912905504,4.662104575671723,21.729591287099247,1.5895697928090458,36.8851909971894,1275.428020355123,2.2237904728720315,16.31894214564353,268.1902191017766,2.08343116186718,39.05467553422028,1510.4829202118171,1.9290567717891163,11.904802064408717,138.3898904206337,2.5234219890012572,1.0030991860740328,1.0075927493101131,1.2525390120127942,29.851180575447998,954.8914669640507,2.2142780629340364,22.12804676928152,495.2513419872796,1.260282934506747,36.30682206215706,1317.3266814092055,1.2576074583165555,5.03160859304214,25.292610664676598,1.2572521253741062,3.602763832246428,12.994012877314452,2.1256094651238695,19.194048363768612,366.72545124248967,1.2600592531667942,26.69514231815378,703.3628923387805,1.277232934872386,27.458699152885487,801.4866488844979,2.132560014532243,16.419185866538086,274.1931099332317,2.2960024525004066,4.615071444035206,21.46232998255035,2.713806613194573,33.79190761519246,1172.6387457359886,2.268263077493398,18.762544327102344,213.75882243729558,1.4775464204342468,40.87277369893548,1657.9882199190633,1.2595732525551115,17.241108264209593,297.88945316273345,2.248549985660768,4.94555125355903,24.41875110076149,1.2570273254673725,21.341310243234908,456.43197862042877,1.9184203606048515,20.454386053386784,484.69285733215247,2.0315121046261786,51.62392452771177,2193.009217354445,1.6458769591860736,11.311127684214751,127.85056618383805,1.255151877984127,4.590550953801067,21.08652785142606,1.6312129123079186,1.0,1.0,0.9999999999999999,1.0,happy
31.356466603201483,1009.3263464465801,1.8864942241259384,29.086502849837974,972.7021606464548,1.3201725447090917,26.096881981278475,679.8529290137121,1.2591761128468848,15.57190707734789,244.59866939698222,2.254845063088303,2.011083281817521,4.796447860131549,1.4342059952200392,20.93279432132435,429.4481999504652,1.2665266635408174,17.252800245273693,269.1674228123391,1.6537141071840413,45.57147070439512,2076.41551893477,1.2591746643112827,21.642002472011725,548.6605767474853,2.2354325790193186,3.0238399025971496,9.171214506835687,1.9668314605632242,38.13954947186252,1396.4751866387396,2.3223854733837648,24.85823302876812,591.5067743965159,2.2282462726836467,44.92143512147352,2020.4284630344257,1.2588705603278951,12.117850766474255,146.31744581212735,1.2593804291606356,4.35095847565514,18.891331512993293,1.2569237948691956,14.758513668354324,161.36251234650908,2.107751446657455,15.416026758372569,235.82933167831808,1.260281433061362,61.92612465474663,3783.2491653498214,2.2583746992052265,16.659791010853386,209.7371312188524,2.160061723917886,2.1607320736994247,4.654088385017784,1.2537321103106598,35.25321140642938,1558.5803887430682,1.9891880494384502,10.505157958651562,64.96881107023057,1.7219248607635125,66.50845147870551,4151.551678790605,2.5649408212978297,4.3796864761954675,19.120955201085273,1.259036415798924,5.583451011697543,30.408063398762305,2.5204397418465034,26.305546424884994,906.6966842075628,1.5028478944317112,18.25264216528464,310.0208961486827,2.575088551379644,52.07741736649072,1627.626016669447,1.6188504810032462,4.321646783589643,18.763367903048472,1.2554377101527432,5.765132097179086,32.69161328656359,2.245059541694531,37.32789589041027,1579.2900614195278,2.325190317588662,21.158134264523273,445.09739569917116,1.259493196921615,58.131275314385746,4690.541103690198,2.062755073204436,12.597550090042501,158.5815427508506,1.6438375353601071,5.322950470592031,27.912717566680016,2.3398735443040843,25.56592008577409,536.8286595119537,1.2977744408580292,24.58642016521184,240.8349561736928,1.6130691385867058,27.321353858468765,746.2402798037671,1.2589024593871374,8.092117279140526,65.14963246689847,2.1455673945918874,5.528452694947601,30.412040969968025,1.9470661191242578,15.390507618547513,238.15081641243472,1.266395345395254,26.642487446053504,732.775632877786,1.9594404780366823,23.221902090980368,539.1008853595025,1.2607760173535656,18.219711999978106,333.828023697414,2.77176631114661,4.133880414759826,17.181221575577425,2.301261873368834,16.20103120054901,481.63312195664747,1.603170612248891,16.110918136178444,279.76904480896246,2.6094192890321186,30.357598625097978,885.974444102245,2.0968261931772973,10.867907523090032,118.45898759346245,1.2585465202916803,4.150441567257952,17.23050866763448,1.258728483955401,11.037681881780765,124.96186339292548,1.2995274112883506,18.53589625826581,368.25200902474216,1.8630526605681654,33.42441459547529,1109.817424410864,1.2543965567712616,19.861347876913793,400.2647702515588,2.402687220552199,2.6420276039506705,6.9709532182261125,1.2542561868829274,30.13441731953378,961.4539204172434,1.9093584242166672,19.85931989406441,95.86242250141584,2.1908751939279125,41.61829789652582,1141.4024459038324,2.0543269101617496,14.688182742390058,228.50061232130722,2.487218063778964,4.723721916971596,22.226879760538242,1.253698281918931,30.923161398521163,976.9758925913236,1.7994491373714245,16.629275673916357,279.2293936031485,2.271071964148704,54.153200258781276,2839.1959601137914,1.766907688677302,12.372998895098872,158.58649835741488,1.73884303293672,5.701794266734103,32.57188076003387,1.7550387907278193,37.905528921591085,1243.7368983859806,2.4802203443864226,28.22693662260746,839.0652780353745,1.3599716817074914,62.35416257439974,1788.5580848001598,1.5242434608125264,10.165026407005362,105.47056272014149,2.6548073194199326,4.865787965871553,23.631149460368135,2.7557973968744873,16.47888065209028,268.90835480053977,1.2610329534806035,20.645344000785123,422.67780534299436,1.2518506147256148,34.80320647336617,1211.7035334174584,1.2593205488229824,6.149618867033356,40.258293459382884,2.2219211796189637,4.66606178803564,21.761873591556892,1.592709993015218,34.67913549893422,1395.6058698067284,2.343368263502736,16.378717049497517,266.94581615115914,2.0819431418086505,38.983900512634534,1514.3854450829376,1.9332421305714111,11.84064445170473,137.65210491697826,2.515704526362896,1.0030060117657078,1.003724808432717,1.2520020483240948,31.698988670161246,1095.79061725092,2.3500335005771498,22.320487693818624,495.08808081205524,1.2575395194898138,36.464107158488616,1322.643118413291,1.259567373482049,5.025203255311903,25.119866550331928,1.2550967848695855,3.6096666469969687,13.015097109725284,2.127797433342111,19.213263857637095,368.93704443309895,1.2624165687496736,30.95893682379728,988.7454819000567,1.2717694227911027,28.21309751285324,804.1527316311902,2.13737200599527,16.50310457204208,274.67533606319495,2.2923388801695914,4.652445468626235,21.41826210919037,2.7028121490763617,32.88161131548135,1114.7425557908373,2.0952523100433287,16.541267731491885,444.9905347563493,1.5360562282783332,40.78280136340193,1660.117834857511,1.260314248392665,17.26644114057891,299.36125629968456,2.2477529590622036,4.95291827588448,24.481014676772045,1.2565501965297923,19.060684595561,354.3429407153486,2.02328639605735,20.44732976011955,482.0386501784329,2.033134572829758,67.59140409754387,3326.640852431159,1.8978609032884057,11.300096665018547,127.85979374652946,1.255665653675089,4.590541664455237,21.10338605927287,1.635283364338258,1.0,1.0,1.0,1.0,happy
30.366725067363415,1120.891767391068,1.8928130206756062,18.58078333122698,224.2380956267539,1.5624377452982263,26.048613748418994,681.4837147553055,1.2585125155784826,15.642894926221192,244.7228516909167,2.25711564892125,1.7481355182921012,1.4330936312752114,1.6164025931241575,20.600528495235277,431.3177318779318,1.2876738046539056,21.687693814419106,471.51625094217223,1.560528610006977,45.51077659351493,2067.859808382666,1.2574707772138323,19.129454874980617,223.74822383623632,2.393180065862637,3.036856892450948,9.172897709254459,1.9630793255214791,45.11587854337844,2136.8374939994483,2.1906584930450737,25.520535844243664,701.5032992654463,2.1506236222676605,44.91930581276396,2019.999912558896,1.2593745354009747,12.088827195742368,146.5661637953084,1.2595445879888894,4.35120136387548,18.964687408216953,1.2581406207726664,16.83013674024415,436.49533730617344,1.821867018054893,15.433061955571683,236.03625830961388,1.2613420176116437,61.93179205189161,3772.533859752376,2.258312405542773,16.498632363342608,224.64327877581803,2.2841468433189234,2.160459992100405,4.662115918501275,1.254908762282047,31.932872379178203,855.3668951897025,2.3039663061737863,14.124151437355087,149.7650985706632,1.6462515702402278,62.03950517878317,4152.464249355861,2.5539574069566564,4.369120754846141,19.107061618990013,1.2578631686055308,5.463008954357077,30.332405893696098,2.5129005008462175,27.045368238170152,777.4278065518364,1.3516711747066714,17.64149106262502,260.0428483756136,2.330314097854756,45.1956231922854,1836.091054606801,1.4571884303883056,4.331919708250931,18.759809742921682,1.256878285092573,5.709176423993732,32.710593356724075,2.2475117576926698,41.273916096495014,995.8412749642123,2.5057938101815203,21.2218460832825,446.31353411068693,1.2599443848888237,64.91724095039558,2042.4324492617766,2.4337293284597092,12.529340119829222,158.70559376167665,1.6436132171695161,5.2484530903771125,27.915440946534677,2.3337519803082847,22.930221530492133,400.49161945495473,1.2587002238927087,22.224532675033384,873.4960218456431,1.5191488161063935,27.299721696962454,745.1529788446041,1.2591737688427502,8.067621213414052,65.49389524466103,2.1463211733772405,5.51976615719762,30.527703543345456,1.9471442159904564,15.377869499371736,237.6249667615927,1.2686062887743876,26.52531312527978,709.3439883889209,1.9510284220809906,23.200614241815845,538.7471136909211,1.2585687566189352,18.321796351664513,333.09018558097785,2.76893150112971,4.136922339435466,17.136217971448573,2.3009396757672356,18.79751463867847,165.3116452101648,1.8240655162420973,15.125680859479983,278.3497082743583,2.602737251318019,28.608812848464336,878.4643033480112,2.099358871474902,10.880711128540524,118.61140811937966,1.2583039489569527,4.154632019565277,17.23986118868248,1.2590027877857946,11.120604847853125,124.83948077408829,1.275219229165884,19.3977999166806,369.0722280777497,1.8892087682609822,33.29098048672302,1109.5432361399355,1.258332807021086,19.854503824427972,401.11812025402605,2.3994938145834204,2.641976790698535,6.967683182755362,1.2560014457726663,25.853255159901423,677.2820139970945,2.0373029677695795,24.38807655208565,775.9693863922677,1.6399972105544733,42.10396998254174,1083.83361626046,2.0523875861615113,15.366249986552731,229.31915094289351,2.480182394870591,4.724790642085605,22.355996537901525,1.2566266993705848,30.68161988358177,958.6141629707225,1.811184950772919,16.640915055081436,279.2834750038271,2.256716873605122,44.7851644081745,2032.327569257167,1.8742110007946093,12.634759688363506,158.47953938076947,1.745372752945875,5.7147346693083065,32.64906720419208,1.7597142822580119,46.5103018550686,2640.7380476591047,2.1017521818290654,17.339292093541992,131.0136913127776,1.3333189635687195,54.30177001532615,3796.9170781801613,1.7484975218531567,10.264873767621399,105.27424641178567,2.6727245686964514,4.908156108511391,23.562123762191927,2.752094106856382,16.46004756741552,268.1937904427651,1.2577270674009724,20.544786590303694,422.70416299221637,1.2734306621423914,34.85443327056953,1213.0721855816935,1.2576866587271227,6.224862376513348,40.0264879223483,2.2223295403971184,4.663331321399702,21.78393518802688,1.5908317105551963,34.680270143217605,1392.435175790771,2.3413787010765743,16.168818893281525,263.54148879209356,2.0419868923280564,38.54067028914549,1510.0459965468726,1.935803956112941,11.727443032611124,137.08852226430818,2.5183079812463527,1.002871359731573,1.0074120456048168,1.2542736784925992,30.652066727590324,1023.064925149377,2.318056836634312,22.202498291038573,493.78984915675045,1.2653622941048108,36.34577950246606,1322.8635652379362,1.261410910659632,5.009790059720353,25.17823300494694,1.2563346730368912,3.600682479406464,13.031112655844982,2.125628058806334,19.238676140174924,370.2750113521279,1.2626586513330675,31.299907660949945,1029.7445652236422,1.2697966065886772,29.135431547548734,804.183029343492,2.1510595822936267,16.472396657564516,273.153199170837,2.2943684105652298,4.6913423934850655,21.49993774176202,2.70171038510435,33.64339302169589,1132.6469066409563,2.186141036019965,18.437881647919436,248.13031826113578,1.576421559049707,40.616720881449,1661.2662495782438,1.2593995786336483,17.263812128270704,297.8689835597594,2.2466981279189695,4.94397785678084,24.473323937849692,1.257031559095678,17.608256934371802,310.9522279977603,2.0672939077419388,20.460332043027293,480.86594452780247,2.036450478617594,75.68000133002052,4932.964099030815,1.950101644343455,11.286827750338379,127.26778114964053,1.252737969699841,4.598630094323957,21.133631092456802,1.6380803724969326,1.0,1.0,1.0,1.0,happy
29.476936754257444,1175.4758603704452,1.8426593719214293,20.592025682881882,321.8613151963603,1.4833818328894672,26.01449346291732,681.4721027570322,1.25519103588738,15.640994343215905,244.1416208720781,2.2553869046031827,2.1332612113550535,6.395251809806297,1.376400798984,20.564536313793788,431.8365995867021,1.2782948559464886,25.547788150478073,684.6414123514603,1.4870375800533164,45.63255937504909,2084.51975788391,1.2598262413984596,22.141158450162713,631.889434029108,2.151056509382518,3.0231668271268624,9.190230631970543,1.966496026365847,43.651878529389165,2036.3197760135142,2.202406180262169,27.785839814732498,765.7308710522863,2.1351652742411975,44.959109476718375,2027.194319415773,1.259103259722979,12.067198444011254,145.5142601098881,1.256614506807911,4.345105176332048,18.8776588158786,1.2583138387880002,13.11994141432085,182.30799714717799,2.071502489374798,15.387075834212226,236.39717069042223,1.2669929011733214,61.869295150189345,3766.1515815405696,2.258329524608206,16.159010927288747,246.2695921305841,2.3346878406573324,2.161287967521077,4.660906149505613,1.2534060680995558,30.720074959564418,774.6274113678619,2.401705296500602,16.597977408050724,342.22772426985085,1.5814119387146877,62.86134470878286,4160.025045561493,2.5604744550608425,4.378357514857486,19.172551085531236,1.2599502991830793,5.481367858584343,30.45505345358339,2.5168218751056752,26.940812729562236,823.755196703491,1.423923544069743,17.975243047681865,269.01773006758543,2.4052586152643696,42.99489428407705,1798.2298053531872,1.3084730740562418,4.3334859148566816,18.710706837054687,1.2550835581792716,5.668017184937901,32.44295479264258,2.2448570551783464,34.78247130044737,2090.1294210011674,2.1512724295385524,21.12167636540918,445.3602097344893,1.2587873379962307,55.203894534332,4822.225226493048,1.9366722902621667,12.645738664753807,158.2318214748531,1.6414083709594443,5.218768385180365,27.94912129302664,2.3385999488161633,31.52435207708885,1151.6159815792207,1.3377589722518144,24.52932602263815,247.4098254981408,1.6786065957970164,27.276298195727584,743.5174057635395,1.2572253686934278,8.101390846344607,65.61334505584578,2.1441102412974837,5.513398663359223,30.61663932101863,1.9478028715397155,15.35728490481068,237.0126159469436,1.2674904695387157,26.78115526838709,690.9332159759053,1.9425689338226886,23.23602102687329,538.5332401501521,1.2584271315240745,18.338327562810854,334.5714532688048,2.7699688699683875,4.1386792727677015,17.214512713532024,2.3034516567620713,17.186912181906116,381.34155035004,1.7279681445533472,15.759260008847994,278.07637915696444,2.608669476645131,30.201518599648733,885.6775162410437,2.0947016472868185,10.908041361800253,119.15101707786368,1.257215297633938,4.153606443837051,17.239807139938986,1.2580191714661733,11.313776833997725,124.7394490413308,1.259259546882056,19.859534503627383,369.17559388820104,1.9050990276664228,33.28532713110917,1111.3600171619842,1.2537594850758764,20.257936437962627,401.3219188819165,2.400987093720307,2.6463260993781432,6.995769584061435,1.2546403283293168,25.75499436634576,633.288561755312,2.0421674217430517,20.876017536479676,638.770361744365,1.7286658654370577,39.370753892740254,1500.3063388507817,2.001876236379589,15.407568737007091,227.20321532338002,2.482378600440995,4.721050243691481,22.179115544222054,1.25332816406907,26.852111012519345,759.4707004038493,1.9258405203461377,16.747375346375897,279.50950272832085,2.257937390356642,36.00884238499392,1325.465110814666,2.003552375969593,12.819007923041386,159.20474484099265,1.742587566291799,5.724628305583645,32.63421588255471,1.7578024790502134,39.18417541836756,1362.9722522237957,2.3577528392091516,24.417842985657263,578.588468215599,1.3799058918754685,52.17476675481703,4175.38277194129,1.7085099233155963,10.337459932407144,105.74161046527892,2.677704630238443,4.896518290751387,23.594132254226846,2.7542469881418308,16.440277724302703,268.9998629664944,1.2584778423831076,20.355367527172323,417.6476683560348,1.2665781761527573,34.85193133317878,1216.8713758884192,1.257330492233977,6.383136616931991,40.27099490889149,2.2290829042618263,4.681676627669752,21.893771021137987,1.5958012786172961,36.7036910994541,1270.2192780926537,2.217627204807727,16.337911007881804,261.02388617564395,2.0027233358723007,38.31771860080029,1519.3455168337807,1.9260776902607284,11.614429349475829,137.5955870433595,2.521835615832121,1.004177158177336,1.0074363557988675,1.2530658918944444,30.326333427230274,932.2202021352676,2.134744076873281,22.205499699064884,495.63400517049655,1.2552785864268174,36.29206930934742,1326.8012048762414,1.260927309488312,5.0036403580501805,25.099242200733055,1.2551380632632445,3.5998332993508577,12.936111136845815,2.125830928092891,19.236149395291534,369.0661408733356,1.2610714650614596,27.724689895066593,802.5279700913663,1.279555168192243,28.78109726059559,803.7210401703288,2.148649100968406,16.63315070535206,274.16956823948,2.2992209345448633,4.615111013526099,21.441152083110563,2.709397086037727,35.46519666294732,1201.8856625511107,2.3075837407058946,18.248054540572628,286.2765940600224,1.601756507195248,40.58535479633423,1655.036470438019,1.2586785027949277,17.22057376222171,298.14157918781916,2.2493971770799894,4.953054474039515,24.46871473556853,1.2578931464649836,18.810238363586706,335.7499916311857,2.0427303479892234,20.4669693827451,478.3053260909321,2.035322998472922,64.82580545382574,4254.81217150475,2.056227945055046,11.279327137274777,127.04021323656866,1.253004245598394,4.59953391996283,21.103695055431707,1.6286696463113033,0.9999999999999999,1.0,0.9999999999999999,1.0,happy
30.41689275759127,1162.5861313916416,1.8830497679330125,30.046085956552986,1053.4180835221882,1.3163316822815292,26.03252171749562,676.9248023758106,1.2527580428498533,15.57004007425119,245.33176361428733,2.2569818706086773,1.7713480484678286,1.7918515295924036,1.6289918640359458,20.925053808076154,429.91822606431805,1.2551633297755012,24.70962494424956,631.3030232900584,1.5030060385948698,45.549521299908584,2077.851127872602,1.2570979556872193,19.645887656903838,310.6724285145091,2.489817632791702,3.0279068980670027,9.14006858020385,1.970877189558644,38.11960517672314,1275.799966762822,2.2716570931015374,27.924352801187663,746.2214028327717,2.148481994839728,44.93714274667267,2015.6550468858184,1.2578083288189217,12.086578167933443,146.69064269975806,1.2587894009874363,4.341485574705057,18.860498058777395,1.2595756552270327,14.53524813104323,130.0087599055301,2.0725528939603106,15.337623590176465,236.18345483246983,1.2655802768141733,61.895456647717424,3776.086881901401,2.257203686556324,16.284396289919865,269.4662840882718,2.3401259129332845,2.159082785667211,4.67901666474273,1.2557951422089164,36.63548535835771,1709.5214563288705,2.070139269549122,19.464467588846116,478.7166347192754,1.534588927583728,66.93966612312693,4170.254772483291,2.567786716362827,4.3715919509216805,19.13926764112834,1.2591826528848298,5.593056451781026,30.42839044631735,2.519821979950513,26.499062917674916,874.216472654602,1.4749720949086211,18.486663219075684,321.84107814901824,2.592787338829253,48.37453366708604,1595.245062164531,1.6001952286317924,4.329220169521578,18.787007734907494,1.2543987015957947,5.7620687825893535,32.6695977400465,2.246019408151161,38.75294420527414,920.7462214271638,2.5659110898194712,20.997742757332034,444.5571212058039,1.2595927091391408,59.310763430615225,2941.3507700461437,2.218996131717753,12.57308534832515,158.0113216249682,1.6450236788501278,5.294754686820155,28.001646765483898,2.338696386194364,30.411618737269286,921.5191514105439,1.3440877360874992,22.605413531258936,788.9683108308085,1.5571423507118618,27.302496449068034,743.903788065983,1.2604509949472154,8.059188262345053,65.3190479227245,2.143903914095781,5.520962357116071,30.609458193173122,1.9465502240913521,15.34755919801155,236.82034923409955,1.2668531246534467,26.660206227289667,672.2469378053847,1.93761316652062,23.1920235940638,539.1066797868458,1.260586652675384,18.209535658297064,333.5398246583219,2.774320832295447,4.131417534031656,17.07203572535542,2.3006200059572484,17.44158952300699,381.6949545314063,1.7253334202594472,16.76109093283363,278.4769353420119,2.609982598586371,30.151463835390103,885.887512644,2.0918367979433823,10.918501044755136,118.66367196878953,1.2558302364659613,4.145265755372979,17.189495128478146,1.25890170351046,11.118570934689851,125.10798149349885,1.2957661349926402,18.928458785444246,367.12741128756534,1.8801633712925978,33.47716780394776,1113.887669837786,1.2585115459368852,19.954018946973104,399.66672591149654,2.398882527995351,2.6463132200981176,6.984828117791975,1.2534706947466472,30.024624806209612,861.3113220738106,1.9379157796916764,19.083789118357757,87.94549171275037,2.191263401949799,36.186850122497866,1958.332561472369,1.8821663332768566,14.804215234071858,227.56089654782213,2.485237185929869,4.712703233213532,22.185501720750782,1.2556144194029657,21.984541712094344,480.4458562132063,2.0685282729888366,16.630783561920598,279.6498482601759,2.266781502146072,30.19700864780423,833.5624730464731,2.2574903662760333,12.397335053194805,158.52314953201196,1.741784021756609,5.731128151558501,32.502212855788976,1.7570507221176355,39.77419581609923,1200.7261963553283,2.452856898893012,31.107008247966387,1121.2894547887163,1.3038634193929077,61.86657047149878,1885.28879045952,1.6534407124649466,10.290746177473363,105.64465811875968,2.675155270106461,4.824811062162,23.606235861089743,2.7584967461074648,16.40341257878812,269.658465041666,1.2583180098327196,20.641824899204153,422.56870773376636,1.2561634314934371,34.83318366652243,1211.304236811334,1.2560227990605493,6.4990095855485235,40.27275218063872,2.234357091333109,4.67560984002836,21.849459571387317,1.5927536900139976,35.9629567841412,1321.7075446234892,2.298199012982234,15.888081088160563,259.1035808516848,1.9719023242463363,38.69746219128003,1512.6127521127612,1.9292781978506555,11.587085877001202,137.57291198113217,2.518054144942426,1.0040479440215098,1.0081418890241007,1.2545902337744497,31.19245038078174,1070.5216979688953,2.343456363162539,22.36897550596403,494.83567525807877,1.2580862999487648,36.454763961093434,1323.3183655498733,1.2597618268851485,5.012775863209687,25.17047739997985,1.2580743019769993,3.6011034705679723,12.976616804489325,2.1286983396781167,19.19668393656158,368.52186944974295,1.262189042483696,20.802830917112168,423.92835948258767,1.3124593782159226,27.708513385966615,800.4710590230777,2.1352516441027003,16.646508267281096,274.79584815060093,2.303115468722267,4.563917864429028,21.40890042493767,2.683080929148645,36.33512902686453,1267.557478153419,2.3718477128549043,16.714903335249172,429.8990218675878,1.546786866494067,40.79333386393564,1662.6622044866758,1.260700587961782,17.212024028814632,298.53818646707265,2.2466554370560106,4.941520205123127,24.443154875086538,1.257497043368265,20.639991247788895,421.47575556737775,1.9504685757072937,20.454763438004452,473.80687002844064,2.03570336694827,47.385459380213184,2727.759497543964,1.7580803750746172,11.291880763503276,127.39679292009399,1.2539528753148244,4.604009132818347,21.06041388195899,1.6289776595321392,0.9999999999999999,0.9999999999999998,1.0,1.0,happy
30.460151212165467,1085.5835486470085,1.8905265214827933,27.12152143407637,810.4637617775338,1.3536036517819923,26.108929991906216,680.1606487689127,1.256579658321859,15.662241097999713,244.0173683595141,2.25465402216307,1.9784397694920903,4.239627119759856,1.4627528163137642,20.892682933053813,429.8748700157416,1.2697254089419163,20.04377584050439,381.4347035908196,1.6088637883513683,45.531478174615366,2068.805694160342,1.2586894410190657,20.709336615341055,413.63859850172776,2.389698080184203,3.032480747062596,9.187081072060725,1.9682674259319555,32.751169282437864,997.0553049175306,2.1818129767648315,24.403478012864113,646.1485754290497,2.1846674467386125,44.94191261518492,2026.47158738551,1.260249922419986,12.111436649749278,146.19581308992784,1.2580724787101123,4.34205593725017,18.829653467839478,1.2587788093473677,17.774515101373417,320.97099046437586,1.4917033480322237,15.304070712475818,236.2403985224962,1.2643209088222196,61.752249684182246,3778.8865001358804,2.2591336579516,15.897815381984026,292.1361004178194,2.3126910206274607,2.1576901518520666,4.640524458154316,1.2540563343989601,31.2648670447689,663.5630580039877,2.346419466948488,23.17386138547613,471.39529298000537,1.4179306811592496,65.61939309600515,4148.182252965441,2.5658737837674894,4.38097971697648,19.171764601628613,1.2597399072611224,5.4667133162382,30.394621024393487,2.5197072279786146,27.423140653633904,741.9820251773831,1.2533884538344058,17.130478685647713,350.27070763795314,2.5472817905219856,47.69396558006653,3180.1371881997725,1.7982615422902928,4.330524021751174,18.732380966147982,1.2561817815514413,5.673995358210552,32.59633084909444,2.2455583853424277,37.670488815437906,1643.5959270567214,2.223040227410604,20.998971764718636,445.51324906481005,1.260996793641701,61.66096928752536,3027.4735857315154,2.318740671532722,12.514036551444779,158.74942331697358,1.6435767895403162,5.345395688814582,27.849607785618105,2.3371705492605033,23.455556188320845,454.9632100921034,1.3011598308262369,23.777098308421063,400.5664075744856,1.7928906413800891,27.31121682650178,745.307841119992,1.259384464084855,8.085682947456604,65.21399198224245,2.1457231086778505,5.524566533023156,30.426542650063027,1.9484568024096516,15.373617129069874,237.64481721028378,1.2643800015003965,26.814398539271927,652.3538870623327,1.9181599669940295,23.243924597692985,540.1751921400047,1.2598402770663801,18.26197682651418,332.95603923838786,2.7798912026720557,4.134208670867271,17.16375175954508,2.3007711399563853,19.680665693602705,166.07464145372478,1.8865786491840206,16.717843231670205,278.2852306152046,2.599080913054287,28.638656632718423,884.0904856483476,2.09847431944386,10.89192849887388,118.7792415133483,1.2567643727653077,4.1436570914631945,17.21403649887792,1.2585975359346626,11.062273138114154,125.419597715077,1.2864627450318675,18.506282337560737,367.3421104297457,1.8617938722052287,33.274305181861166,1116.355518932266,1.2593047449852195,19.77720764233356,399.46859853377345,2.4042813088988177,2.643844071869288,6.996192116174614,1.2549731567538023,34.337774232616994,1160.8227039337992,1.8255774671036968,24.733195921619487,672.3480233553149,1.6138736520327737,36.25613453726134,1939.4383957885534,1.8840701002776392,15.012668798086768,227.71963643719715,2.4803732326209715,4.712936973229212,22.218184046742877,1.2544322194926765,17.150127717310387,282.00982827712596,2.2709487743059755,16.6012649943832,278.77255760911277,2.2586971216711995,21.904193143974954,475.1957003325038,2.2664364982986207,12.496768820362812,158.76870240897458,1.7410590431529942,5.730645987027682,32.59207830107482,1.7631220926613522,46.18400605477144,2671.7337050877695,2.152886437052512,24.764685927151046,621.7138110190859,1.3777743906550033,56.66658944581764,3253.1404686893297,1.8059570544037447,10.164909040898532,105.446385270293,2.6580221864742066,4.843045420616713,23.477428494732358,2.7552439832571256,16.34486878115834,269.73818915316434,1.260037077241955,20.515663788034335,422.01629527493355,1.2719076632339967,34.81773980508912,1212.256676790004,1.2562673665768926,6.51074026088811,40.28155863717514,2.2353668361095576,4.675565298310227,21.88051940743666,1.5904688653049457,34.78030549824557,1416.8737215342298,2.3478664336375403,16.293811485253126,262.18357432574413,2.001641012752697,38.70001473374594,1517.320995071381,1.9346612076257272,11.65619261864687,138.17916828138263,2.5254150848325416,1.0023339662165247,1.0061172142815327,1.255170976050063,30.759128853485116,1071.8370077564975,2.34058353806358,22.157858565508977,496.5563472493707,1.2669983964156324,36.39656112026968,1322.2235266219113,1.2605996217972233,5.0195926347516195,25.077117540597612,1.2579203201638431,3.5996409850645965,12.923834598129162,2.1247455791989527,19.169567703433362,367.0394758033865,1.2619982909978875,12.16475027353839,115.4787527161742,1.438578897822313,27.58358249956642,804.1615239065729,2.1336686772175213,16.655637033432754,274.27615666652986,2.29433703255377,4.611451249365215,21.46908051728306,2.7165732724685046,34.558251976356935,1245.896963046139,2.376161446181994,18.958036061723224,193.48467281904624,1.3351325002593635,40.85914120473846,1656.1509582182343,1.2592444445956976,17.213963173906947,298.7075805797852,2.2484608948241815,4.943650891836941,24.473992546213665,1.260359943829784,24.16928333182544,556.6905907011296,1.8301391249171506,20.44302216389733,470.98170875827435,2.0359199491252973,53.43599282638695,3089.32910880203,1.9680903998785269,11.288655702823037,127.48088392819855,1.2552930601910404,4.606000046743842,21.136245308689983,1.6315641778546957,1.0,1.0,0.9999999999999999,1.0,happy
30.871678977140647,961.5897135704215,1.8824989986851661,17.08015701727293,126.84644124507771,1.4614420762699294,26.11271067296256,677.2677133432337,1.2569520588370957,15.689486267968457,244.0953208002142,2.2549096712886674,2.0203181729163213,4.912622388296861,1.430299856565746,20.541178295358968,431.79626977412784,1.2884154036023938,17.38099004010421,259.57188888248174,1.6596931607444965,45.54027528627032,2071.8019077013237,1.2563115487437355,21.80362036143884,572.0974974381768,2.2066075819088575,3.0228111315157147,9.16374215044527,1.9704065824244177,40.58386132166199,1645.3885637345065,2.292284938811019,22.847616387779862,517.450813747615,2.2465321970764967,44.87969432513917,2012.3457810632306,1.2581828131119073,12.10987874114194,145.83362345940643,1.2568371784839567,4.346078911146239,18.875378555972322,1.2589138135787996,13.072784370064019,138.15962198929066,2.184311786401717,15.299645446107345,235.6567116641168,1.263594022846228,61.511521277996735,3786.9425751730814,2.2552568575095138,15.43590721928324,308.28164716185273,2.277649666442914,2.1558410207543504,4.662307929831762,1.2551253033369638,34.072546726883786,1256.7600295775555,2.3074692320271417,24.865969866757105,494.1440631615341,1.342625790857063,61.439960075637416,4139.174980307388,2.5533876096535155,4.379050885632481,19.210868835686924,1.2580130905205251,5.46039424925353,30.346773766592026,2.5168956586974396,26.1547445906553,924.3979052428936,1.51312282257957,15.865469173945607,337.54077165878573,2.392775037968958,48.79805005356851,3654.38424820016,1.8013666086142903,4.337768586261208,18.84016640657197,1.256497896347252,5.706798225688006,32.615002877457925,2.245695918967923,35.65047694418277,1469.3388985168942,2.171888768195106,21.095166028440154,444.6117426253553,1.2578359774179475,56.84134958007652,5003.00869654632,2.0277085588180905,12.638234137807107,157.8475813263024,1.6407618096799674,5.296332942983447,28.013548395157834,2.3397638777364254,28.3467864841431,748.5243845291458,1.290012442934301,23.386864617377615,585.2607124293364,1.6737914243082033,27.357047044752132,748.5986373353925,1.259603372505048,8.069837738490396,65.17290149513175,2.1405452339270683,5.517770951229762,30.41140233114944,1.9480846660176399,15.39294359354477,237.73522190249207,1.2661083563830038,26.830135887312228,635.4989240464508,1.9057585041937704,23.24250773262868,541.4136551313202,1.2614431069712986,18.214104253571005,333.59288476093474,2.771786582052095,4.13862012689197,17.19848997092459,2.30414406536675,16.410324253635046,482.3431843958023,1.6012296572811449,15.921197362519402,277.4268291438502,2.603944547642963,30.404583660378698,891.8651050988674,2.0982671476428574,10.875740991108882,118.58030774147329,1.256629128918019,4.14754707940775,17.199141604656326,1.257364048055394,11.297139690491967,124.82221278091086,1.2552911793090602,19.439065062316754,368.36010261311407,1.8950996704788985,33.34003249783318,1109.7631756376204,1.2545081224453718,20.229193221238173,400.1339570306779,2.4019541407203473,2.6450718171873344,6.992097313076188,1.2551506372748436,35.50233092368511,1267.5494072131376,1.7928078376394099,21.527346682849004,710.8230063481059,1.7173812540643325,39.18184006451445,1498.4832974824044,2.006371430056152,14.807374535909775,227.6961227115701,2.4839202265299365,4.716010070665437,22.265849935526525,1.256097678971381,16.704444343947575,262.9584435227255,2.2562938429120076,16.65459027271544,280.97266609895956,2.2579998180948264,17.74837051534082,308.9154903058189,1.5557787903551046,12.847878484937677,158.538497278791,1.745224717407005,5.717806757466902,32.49972365229643,1.7612175904977017,37.307774210617424,1366.5881183355289,2.3117620381730117,17.03988777147512,126.35034829463898,1.268269534419364,50.848776802450615,4509.214137142596,1.6753816112428908,10.072105121580359,105.57397148347061,2.6440277866630137,4.818449671912296,23.608732631330785,2.757729394899207,16.317255721385244,269.0115919785674,1.2591807397865935,20.4318167819117,421.5868122687091,1.2637791924659143,34.801747086365225,1210.2104104805028,1.256146586079956,6.433545577719044,40.20754310113066,2.2295716121074807,4.669267521732706,21.795173969408754,1.5887679497290177,35.48051253316366,1306.8600263786923,2.2792142844205885,16.33957301445942,263.23842401670294,2.0495851447354316,38.71052759283855,1508.0830548015924,1.9310732708687854,11.76236902310712,137.43741996144036,2.5164477494656783,1.0025778448460756,1.0044756655571625,1.252712481361953,30.82532257166408,934.2012689188698,2.146940905714275,22.248980916924623,493.8012846005835,1.2525269645473807,36.256394984652204,1320.9561931367368,1.2596822727764205,5.014971834416196,25.139430997129793,1.2571759686192818,3.5989224801809336,12.971918793602285,2.1268202821829125,19.16961298842904,367.23236507399014,1.26265865176508,9.467029346396375,48.1765037718356,1.4317554746105081,28.646445523244157,803.6810645550464,2.145177319754121,16.62285426367286,275.227981768675,2.3009103792313974,4.771703047833241,21.44282195935695,2.6897105433728914,32.47080975593374,1170.6389468701116,2.2485317280618826,17.234985693312275,373.1197254035569,1.5769870282731495,40.64670305925426,1649.7319593427999,1.2591796426453468,17.213572455384373,298.2973112564304,2.2473879368888547,4.9470293226298,24.442246025151746,1.2584367921261168,27.099187498008174,738.0732332828856,1.7398391660382957,20.440329198161294,466.46483884089866,2.0355288503650733,71.4376299271591,4632.585132344732,1.9915074093515008,11.29093965282365,127.27417560741443,1.254480822806229,4.6027992263957245,21.174374082561265,1.6314485693513523,1.0,1.0,1.0,1.0,happy
32.02853596107519,853.0069058075813,1.8803199201748302,23.37379897781298,506.6420243451735,1.4173155695147763,26.083135024109563,681.1529389992265,1.260601935975981,15.606498750438346,244.59968123501451,2.25451129975646,1.7452588185718245,1.3805241550787957,1.6042875549653508,20.640102862582065,431.355848362231,1.2712123681525247,20.96084521845724,427.2976600456797,1.5791411150215744,45.5819131357631,2070.3947939723,1.2582842050641125,19.049658821127036,217.0894741845363,2.3515556805965514,3.0319752170586414,9.173989948331972,1.9672356937134565,45.297226544473034,2224.9626467859143,2.19421306674825,20.593717355136782,396.5063313894222,2.2640172954303144,44.88229026239552,2014.027408480734,1.2564589642639326,12.092705805072455,146.11218295986305,1.2601514555877391,4.342156567054674,18.896015053749196,1.2606942225815483,12.819936298287478,214.24587735370616,2.0432732159434908,15.351847439170193,236.7245077559056,1.2618412057309876,61.22078406433237,3771.759587909552,2.2500974444505317,15.739772560233943,315.9428496467614,2.272742778416411,2.1552153873561766,4.628071605842538,1.2533120941702862,36.371123625260225,1604.0948691114452,2.1688156096381026,23.762680640246533,616.3690532010681,1.4636738686290083,64.11032135409171,4134.269712376779,2.5588426163121896,4.3850558317806625,19.197904004323497,1.259324246482635,5.582539981824873,30.320743347681894,2.514948873961144,27.378857989339675,728.6331024041455,1.210845898131308,17.320214673704353,315.9106652612876,2.5310698508953156,53.55027809867233,1998.8478373299283,1.859867047457474,4.3396433677743165,18.790975097147246,1.2548517449516166,5.753184991890083,32.67927591391496,2.2482608896891123,36.99642166347666,844.0635163811337,2.337045898055179,21.172852226232195,445.57336439457487,1.2592665193828274,61.945754088257864,1931.6080757223149,2.380091585468142,12.55262941367823,158.12700521508808,1.6488459629253744,5.23229208002759,27.88145190346406,2.3407775026464477,30.50648022038996,1112.2198864836005,1.3313815693707658,23.17927255290194,629.4032015874459,1.6413224938553153,27.313210950968266,748.3820810435243,1.2612907732364846,8.073886906465827,65.28502091984281,2.1461955104325074,5.525167720856848,30.450843054617383,1.9494386438121496,15.385882396750738,238.3983990463928,1.2661718876385653,26.84955142031178,623.5280090560157,1.8841375211642943,23.286067492504674,541.301121460834,1.2584222123165818,18.35144146536939,332.3532049971958,2.7641058462380745,4.143145916348484,17.147927649444025,2.299936196582454,18.088403235060223,237.9524389432184,1.8696723730358447,15.3764934017896,274.87053128608324,2.605084282149544,30.184987539510534,888.4690166500336,2.0991870968663604,10.906578336096597,118.92036876269108,1.255369783999905,4.153175944088916,17.255880553000186,1.2583637182672043,11.194052485398124,124.43827513978222,1.2829107890203464,19.84535541625364,369.1842348309471,1.9028808203119818,33.433987922978005,1112.0243003486391,1.2575151648924288,20.16641077097792,401.0033512332241,2.4004617531664754,2.646177954622611,7.0278896792007775,1.2552467381021561,32.80632116150416,1082.9768317648836,1.8492614066454915,18.292795577315143,112.13495657096658,1.8961921974788931,41.93466404559677,1078.2326352829002,2.0505655941925696,15.188840888358614,227.4158153227216,2.484256548042277,4.717392704664347,22.1924201881248,1.255740367395349,21.146862253718194,434.331624570864,2.1324539730220615,16.625635749864788,278.55546040868984,2.260442150438871,19.86887507902785,370.97020779719116,2.003232266220326,12.518301262275825,159.2151249510703,1.740783685048368,5.707861690083274,32.45675487759957,1.7555946404092233,39.882163766829244,1150.1244247544782,2.4384220033813206,27.250138043452374,743.8786246516623,1.3568199896314412,60.587595021041736,2182.153455619634,1.8130568001930305,10.104411113118221,105.32805516733015,2.6416683519329167,4.807877932694127,23.633053044621917,2.759027554613321,16.290344089201565,267.78411681436353,1.258772161042339,20.64308837463855,419.8989641341941,1.2571783928051954,34.807659902105065,1212.6104742577218,1.2560263433131431,6.298716560557723,40.21900719144371,2.222593376404704,4.674410718343391,21.73920968731012,1.5892606044606699,36.37426613121149,1323.5140907406408,2.2917788141750606,16.040996002235563,267.919532028364,2.085269124953975,39.13321453413203,1511.9181081984864,1.9346270503874547,11.882217193284513,137.79339437057044,2.518978539012573,1.0040456652839254,1.005244398539819,1.253201607920452,30.160416182104594,1026.002206020563,2.3182501469881283,22.317505906809757,495.2254862393164,1.2640468910932259,36.41203129566957,1323.808905551448,1.258803774679503,5.00870492635652,25.136531053718507,1.2573272643066997,3.599633396119743,12.959819402162596,2.1258830975546825,19.160208615265603,367.61918974967926,1.262643424948759,17.30167192354247,270.09628784103336,1.34341862461502,29.270453974343752,807.453628342603,2.150344435012748,16.460448131479414,274.225911105506,2.2921406466204752,4.556200986967606,21.515817027786944,2.7118480092725132,32.297909757198134,1164.8974892411707,2.1698151460703605,17.271028970181256,362.68619223832076,1.5851207454051688,40.5621852337178,1652.4884053420108,1.2572621914264595,17.214836545093387,299.1830172487368,2.2479514355750787,4.935979867580009,24.419533313213194,1.2572891110445361,30.20949172574107,920.1245876262916,1.6674477840212967,20.439781331376174,464.9417048856281,2.0404119844749364,74.38100676451135,4405.146309712138,1.9064867625752295,11.295225147601052,127.90788763725352,1.2561881024233212,4.60834630435217,21.099682879554415,1.624923181539028,1.0,0.9999999999999998,1.0,1.0,happy
32.406740876722196,778.0192980338229,1.7951209852826044,30.814969429584334,1114.7973034730248,1.3152147638187173,26.035811848108807,679.9741189525747,1.259435659089163,15.65790765560438,244.08666050463893,2.254626659384852,2.1317909545189453,6.380467571057234,1.376589921261956,20.985418018544703,431.9763784080411,1.2552578933892276,24.92375124346115,664.0930884753061,1.4931150629811616,45.50301536653974,2072.77547736353,1.2575917879199072,22.089427286508176,619.2927285092576,2.164582148117132,3.0185044389123745,9.153218880683703,1.969137303396701,41.75905802957368,1850.50615453012,2.2537697451108802,17.67532691919396,328.7017585082092,2.11849293052585,44.96005125943988,2019.455351479666,1.2567659587872015,12.073831429325221,146.32552206958513,1.2608084074032,4.344660663324897,18.808740400592413,1.256855457096551,17.282422480693942,401.793941862698,1.7824218670707481,15.391693116697892,236.7318449952905,1.2585263184690565,61.11054963192081,3775.2031811392567,2.2498591206848606,15.817821699111793,312.4207331228835,2.277563637552947,2.1575133896003584,4.679716900681055,1.2569142246949412,30.81305341763609,591.313970694355,2.015967225206679,21.940580294391633,620.6981735797094,1.4984416598396808,67.20676238992394,4169.02425948299,2.566619981984034,4.375758728794683,19.203160199801662,1.259431591057858,5.497682448874531,30.387588633057316,2.5140998595546544,26.45411813927191,890.4859107676444,1.4913444467134174,18.748006431142716,287.25461345917563,2.542551375051296,48.934202330994,1683.4985926747484,1.539782472915133,4.3317722041040865,18.81720795151972,1.2548157088196445,5.66776865757525,32.564016848982476,2.244238761214377,34.915685219241276,1930.9241432439517,1.9147256577225908,21.178447038712914,443.0081957999725,1.2571705157301134,55.168759527685665,4497.68262160132,1.9505427290233208,12.515457696623086,157.42833074095674,1.6456505949476385,5.236756288602717,27.991781479422272,2.335972846703995,26.308409529672794,622.0936008705081,1.2340008669089042,24.01126484760607,366.5203238631653,1.8124679274531312,27.349916847076127,746.4879316891714,1.2581665892141916,8.092112000188516,65.39696028836732,2.1448209231620945,5.523929452709333,30.35327484527342,1.947156124668789,15.393961187857515,238.02288155931026,1.2647639142166591,26.89832003451645,606.147164907883,1.8681087412217512,23.242806659805897,541.2871294876857,1.2602377719070896,18.271302169914303,333.47815752446877,2.769031002568309,4.1355183494902,17.128065351262507,2.3029698069373135,17.950968006923063,276.5567993449901,1.8606523775759896,16.015956565983505,277.5618114144381,2.6028991534630057,28.61389707558208,878.061129083939,2.0944351594757977,10.938190586120747,119.0736203303439,1.255284790536927,4.15621352568391,17.230158072976206,1.2583840136765452,11.0090471680059,125.26996227851946,1.3005095761592143,18.90289706617863,368.7481428515924,1.8831914131202394,33.19584104082536,1110.5665714277009,1.2556454576525657,19.624438359800546,400.0507438357703,2.397643111839128,2.6434778601199507,6.9924043899309405,1.2539374244355226,28.07107492179182,780.1175354271509,1.974063618682704,24.495101697521186,566.7815152526945,1.5794741199477378,41.67168508516626,1156.8856102867635,2.057015081820424,15.513733539283667,228.4598721047136,2.481175275394956,4.719998447761108,22.33186357665577,1.2554523912325692,26.5960804409346,709.9573937015945,1.931950710459467,16.624896078652828,280.1837447733295,2.2600262585115276,26.626358135675627,632.9484549731168,2.326627353662929,12.395370602887517,158.9449359375681,1.7476421512231033,5.699671635121701,32.54146069686736,1.7599739807777812,46.05705047958938,2659.652498960497,2.1402092679923292,32.35837400495688,1240.0201855819682,1.3151500368185378,58.884261967445546,2692.040834270489,1.8433468091659961,10.270972937190107,105.29857394684954,2.6559528216485724,4.873791238052367,23.605608036406583,2.7571721865130274,16.272223884064232,268.209179706006,1.2600688960005326,20.400558091839827,420.8915725272618,1.2743636922670434,34.802057353385244,1209.846776258686,1.2557252209826488,6.160007712952787,40.11783254551684,2.2186131570026424,4.6707739340854175,21.87333170122087,1.5935840876271201,35.0506789231564,1376.2673068576053,2.3377408733123404,16.4498329132878,265.87050970270667,2.075628453526999,39.30458720517601,1513.8331883285348,1.9350167346093625,11.872871695103544,137.82311494617323,2.521408684920382,1.0030553665685822,1.0097670390701476,1.2548987667210016,31.126812102014117,1101.3108220256997,2.3469373339810935,22.125808072012735,494.4180710034329,1.2617858492968173,36.455993025747986,1321.5451217256755,1.2604328102500484,5.010435157075007,25.191101812035626,1.2564362797879371,3.6031290040681707,12.99027512364145,2.125634906932877,19.154238470650338,365.90359226250763,1.261383957161786,25.67586238993657,669.9147052324798,1.2912606698384297,28.442152319751234,803.1711550784453,2.144465999308257,16.483912145354317,274.5678820154022,2.300953546663553,4.563341546554773,21.43541188810471,2.709381596310383,33.109452840020936,1200.1988519101178,2.314393916647937,18.87854773710999,199.38886345087437,1.378121488499557,40.677298912290276,1665.384803963876,1.2590723551847265,17.19187548863785,297.47330595828475,2.24645826186312,4.9509438855326255,24.436527106242888,1.2573055711108303,33.1827839399994,1115.59626538057,1.626500410350528,20.454367081276963,461.30526977927303,2.0397135223020855,60.175084282218144,2633.5076507057247,1.7945512788181786,11.292678005669678,127.59568400374333,1.2554412919671003,4.606513892044478,21.173048776972646,1.6307351942541877,1.0,1.0,1.0,1.0,happy
32.409328264984374,781.9620100276093,1.8227289530417181,24.734762628511795,616.9635712687535,1.3730392491176218,26.029867460372927,679.6397542225909,1.2557299276589113,15.707903320508102,245.0426555657516,2.2572625982277574,1.7754217223575228,1.86274757773024,1.6285279302941138,20.848496348442843,430.6387058879557,1.2745253561057557,24.777640678812126,656.6102636877498,1.4927801369430316,45.497724705458296,2070.3594543765576,1.2609827025645988,19.912330030981526,341.1123819543099,2.471595265048123,3.0234750659711414,9.117272645959881,1.9705235493032651,36.24748397418562,1094.6964392788213,2.2627319544257114,18.741391234847374,344.015373753727,2.1850106880816824,44.94339464383691,2020.3291349241786,1.2574451333283594,12.076091683871041,146.5080321286674,1.2603760549346263,4.349741887260388,18.97886105056125,1.2595590644980683,14.968891501530926,108.14128554941372,2.181111616599294,15.417302055659793,235.7341416707174,1.2594751816806369,61.301332152207706,3764.448608258593,2.2484981621808573,15.459976958985214,298.6168629780041,2.296643741904556,2.1550028846608593,4.636999926558105,1.2532907491053493,36.52577566217588,1609.154443158068,2.170344259913066,20.73525881693486,427.68061275404864,1.473569901358795,64.48001683180546,4169.558930637571,2.556447873449618,4.3813362415690795,19.185246017395993,1.2602351479002374,5.445040021477947,30.272077035141542,2.515795878782425,26.899680804194194,801.3538274390386,1.3943481040322403,17.95695631884007,265.0271255322852,2.419652938785778,42.26532953118811,2022.7600243043137,1.3714263218932765,4.325330430605608,18.704847741264658,1.2549813386929576,5.734221300850146,32.6641474555321,2.245794841450739,39.37175325449021,807.6189868011968,2.4329373607523603,21.08786052681868,445.0322307929906,1.258974471115445,60.75667491258415,3518.4947910923906,2.218907383097807,12.651692885488123,158.33728206487288,1.6421511961190691,5.319876069282619,27.915655858469496,2.333348050340283,25.967296100047406,628.1524481536188,1.2676277328937788,22.419744274042017,813.3444487694038,1.5446461200085353,27.33892752810884,745.893431167666,1.2586910107512521,8.075230421087271,65.42037107757923,2.143515151373496,5.510600840842918,30.445587755823652,1.951058508312264,15.3932545703313,237.3852332439455,1.2628441257903325,26.853096195558905,598.1164911893593,1.851034868118973,23.257533819263525,541.1764744621164,1.2588076989543726,18.202850983627897,332.8386859573027,2.7746109191456485,4.133299639897491,17.10085066232714,2.3009145929731725,16.606177217319757,464.6415828579326,1.621544971139771,16.84516344857765,276.3393106321986,2.60242707272167,30.46593199195601,888.6010865425277,2.097875002004052,10.916347218782699,119.06562964529459,1.2563206483777893,4.154391377779172,17.22966813693408,1.258558502950218,11.231644718001606,124.82907407876007,1.2618620693463265,18.548762163233985,367.18141149549876,1.8670098858422866,33.38406309361289,1106.7211932010157,1.2542379889580084,20.000053580527055,400.15861222382597,2.4008706851000374,2.6408804054717465,6.973073262429088,1.2538907174590435,25.47716281495997,617.9377785308151,2.0438246706089105,22.146204300857708,747.688949843355,1.7029967938487387,38.74888823488758,1619.7906129797464,1.970997037575751,14.65809998496035,226.58664054070343,2.480657928986145,4.720829321606145,22.337122963483946,1.2555554617408258,30.24570217673043,935.6355749198838,1.8242821592014873,16.61750871484303,278.92014800090436,2.258994598708828,32.18108028273606,1050.314502363034,2.1065155494043433,12.801894075261066,158.69679830729245,1.7457873549458467,5.688791072698574,32.52385879280229,1.7619838222842303,36.85035585125822,1469.4107317769365,2.396793825214879,23.175391924581337,483.03692561296424,1.4710566137008159,50.41320132646542,4635.4579234061575,1.664356274473934,10.471910934161338,105.37368464307715,2.6667372399818428,4.875790762480916,23.50384631432988,2.7529699824275213,16.31231424893196,268.7973081159713,1.258617869064844,20.468131466993835,420.7966647765245,1.2600233732411583,34.81278494805788,1213.343150762096,1.2565709136235388,6.166302346115397,40.104720499971265,2.2185889262641973,4.67388607863518,21.91452054127508,1.5934487036494678,35.841938647079445,1349.2350305777352,2.311559885505097,16.364603347309945,264.754104061896,2.056707823339252,39.35993055418918,1517.3328935295926,1.9405954250599569,11.769752014085187,137.64898217362352,2.5171699949685675,1.0024553986842704,1.0059486864973841,1.25319526640159,31.19404158042463,960.4353782253351,2.228814692896593,22.312984953062237,494.463880165169,1.2532997504332382,36.278182409361236,1326.1303934612567,1.2613742359565916,5.015396072542235,25.188005923644113,1.256929533369648,3.6043243567256864,12.97466525877762,2.1268507339656146,19.16735690234216,367.6062493382861,1.2625830290054818,31.436280124314518,1027.6947718533215,1.270243018123146,27.424698184211415,800.8064263238493,2.1300616570125905,16.445350303935516,275.2170847999702,2.2969042492227603,4.692524078554306,21.361014325517452,2.687172262011947,35.6004749486993,1257.3182980945908,2.367170846396574,16.62148366272605,433.14683096641704,1.5414939840620254,40.82336747323246,1652.4913240610445,1.2577184165063813,17.154082681746154,296.54290425435164,2.246537410236636,4.944137592114107,24.495189357675848,1.2579134940207415,34.98424893514881,1264.817900085346,1.5847038577357004,20.44197806986298,456.06786344173344,2.035142876924206,49.543654070660864,2573.47454426469,1.7406465639256419,11.299024270275137,127.69650951559844,1.2536308005243197,4.602386671451391,21.122903764335305,1.6291803184170612,0.9999999999999999,1.0,1.0,1.0,happy
31.951983764833937,842.2847211900244,1.8489024470805815,16.52155027931509,105.90269017679204,1.367357638858151,26.045150417706,680.6575947046588,1.2540618593191448,15.583423672325107,245.19913327773105,2.2573109472129533,1.9684353564187709,4.119169266775225,1.4700540866746739,20.487562914924162,429.1054294516374,1.2849804781786425,20.8158259363613,422.1625562579371,1.585447587599169,45.49110194947029,2074.032998018245,1.2593779060457084,20.448592459987346,379.27781435415,2.4262134868779777,3.0260070686329317,9.159771537835862,1.9664531864168409,34.32294895924561,1111.5946516697509,2.2554533367077014,21.72119657583303,432.22819700875925,2.2752100636027195,44.90690716268025,2014.7005632327218,1.2585031328917504,12.12372293998654,146.98246593765074,1.2582451728788928,4.352462507139931,18.9273847405121,1.2594231834286402,15.42114313514892,150.87894337812216,2.108919370811677,15.430977023057219,235.47956489856014,1.2613890327625308,61.23639840184123,3764.349672732391,2.2518945044545737,15.963169974860525,280.88956805707573,2.335696166088787,2.153699264441639,4.652284399082985,1.2545028493821817,33.1514871278703,1193.2873897676789,2.263124368869281,18.688225484765542,247.7922978429315,1.4236628432121008,61.606289948165276,4155.292896911751,2.554782333921685,4.373599383144644,19.147431600378876,1.2582803863488738,5.572844046858461,30.40165856884411,2.5135084348477514,27.070118970162905,798.683830021582,1.3883147370281523,17.232050462874884,286.1295431915254,2.3849309766218365,46.02583414462677,1501.249322551615,1.3661381153195147,4.329582541222429,18.710789531292054,1.2555114253981983,5.732071734748103,32.71359826196469,2.2475942359927648,35.92348193174942,1652.2550467876365,2.2224633571511085,21.0179036154469,445.79449433766115,1.2587261761134827,64.25380019929045,2658.220226081354,2.4119453516247837,12.580330413245838,158.5656377271062,1.6419077406442002,5.3327974197200065,27.914394392726624,2.334495502039937,29.358746303751712,957.2392771037089,1.3237318642630747,24.554818739478822,233.57423448099516,1.5563149915610808,27.333991186162915,749.1972487684234,1.2588463954882676,8.104501083576677,65.4402200698446,2.1431705907432885,5.514546273000879,30.51020693846205,1.9469675344637225,15.401147728601224,236.50820701599886,1.262063470075735,26.93040128108169,592.4703222007794,1.8413961958044887,23.21166833564855,538.7357724109249,1.2595820390531347,18.24096981346321,332.62873104450046,2.7797329769954775,4.145120728299697,17.107470766794464,2.3040551683538224,19.880809442177082,154.2025404787694,1.8214613941295648,16.27904641260879,276.0397128006639,2.609009662616122,30.308456908918917,884.1918234214146,2.0981584043847827,10.894290347264095,119.32194518128735,1.257394594877116,4.154303209520646,17.249144086496003,1.259067347828507,11.299688171790542,125.25731564875531,1.2726415797459794,19.522895129288816,369.76104941288696,1.8883944158962465,33.41404505622468,1117.5730635413875,1.2612239280354254,20.39536927793596,399.06448690143833,2.4016883460382092,2.641753302140763,7.006212588320701,1.2576606029941948,27.930697508784387,752.1718057891837,1.986246392412635,17.550961966871135,158.70301771009923,1.6577202219856604,36.05072371964283,2007.0974758768227,1.8748830323198182,15.196709042242471,228.3263849516851,2.4871534849630423,4.716686840919249,22.279732876276846,1.255707308118817,31.015643594284136,989.6526636988764,1.8033137400334402,16.610798480457166,279.62791523694386,2.260803213241629,40.903472720943554,1666.7327372164557,1.9536089738823605,12.652609856706158,158.60529974635048,1.741450284611182,5.683493710293483,32.57478023283034,1.7591198786410454,38.77200382949103,1189.6340034998248,2.5023167214947666,19.975677894451817,193.17000280124495,1.683155970848649,58.67495138878911,2641.5629687124483,1.8518902656733072,10.571803845244578,105.64269339937562,2.6714893318410833,4.881398230031543,23.623015275248495,2.75500467493888,16.361112525016924,268.8127961211217,1.2581991125837342,20.63828963992358,419.305552314901,1.2601696068586572,34.83293369582652,1212.9624893261096,1.2567592606917846,6.275274112667787,40.12759933569901,2.223941242985163,4.678525302456783,21.8360479799752,1.588174696568982,35.8203055291575,1270.8343552722677,2.2246985053848576,16.04107552352308,260.9726762783096,2.002795081357512,39.305635845862334,1521.4289866297497,1.934476508742884,11.622527881107782,137.70829071672827,2.5181148253005086,1.0041831850387712,1.005146052634981,1.251155404705581,29.20336557424752,973.5498725803673,2.2607045282902583,22.264685877916307,494.70058363169125,1.262797241240926,36.33253072358864,1320.6822590470442,1.2582688443288463,5.0202402085839815,25.147456049377723,1.2573762112636964,3.5950255847749046,12.98725807895121,2.1253112653662263,19.153169866750225,368.2663345676799,1.2655235606703146,33.522714228084446,1158.2905789590964,1.269361070064394,27.865053940156056,804.330512971093,2.135359809106097,16.553226786146077,274.6955738915657,2.30374990068972,4.566143315697251,21.372211497782597,2.718758312404927,36.82550331783338,1257.5002761496937,2.3701118366400604,18.198559499867603,272.79572147300394,1.6017524255642432,40.78668171072106,1652.0617141149628,1.2585722134080553,17.17938075002805,296.9625378304941,2.2462893255034824,4.944400996358919,24.407241567842885,1.2559119831971701,37.093680138256225,1379.611375840863,1.569058959618456,20.45031350731363,452.17500541394884,2.0355482119234414,61.15147423911952,4964.868178395881,2.0623342123275674,11.300266923103743,127.28142427480425,1.253984874578467,4.600245619435013,21.1202048643803,1.6253548149419519,0.9999999999999999,0.9999999999999998,1.0,1.0,happy
31.64862092911909,954.74725820355,1.8922985083795103,26.146758957320642,705.103813243895,1.3623481873006458,26.07418793444306,679.179998985766,1.254689689946514,15.590328204990323,244.64089257578087,2.256218323948888,2.02585148580202,5.006831505693412,1.4286505669962064,20.64949362736799,430.82093475578233,1.26767204410463,17.632786246791888,262.01766313572983,1.6630632486944803,45.55381236979461,2071.046222893523,1.2597087157416196,21.920963308722275,595.9298816022606,2.187496973037461,3.0259662768575306,9.16620308868003,1.9688255455641968,43.466428829431614,1875.4924885847734,2.218439971782516,22.966089133698063,560.0498629192481,2.224666932971456,44.944218052648964,2017.5428712244022,1.2578353310014296,12.13278693038255,146.01673331102276,1.2570332162465416,4.353223316243486,18.969490765660026,1.2590941021527304,17.241380186774855,410.032240766418,1.7942825149206276,15.400616500645622,236.8091907273761,1.2658915888884927,60.90450157001728,3793.966053327458,2.2547284421052747,16.372131806741365,255.73352003880103,2.348103854963743,2.155459710767182,4.651688926440248,1.2542360281725158,30.92298408778388,629.7960424723545,2.3493498475686505,14.272425477298384,188.0091719195095,1.7048578247946653,65.46631236524752,4156.2941036208385,2.56464487237288,4.380296794503465,19.18265750063183,1.2586005362300177,5.518248569991771,30.3214622827576,2.516553875677801,26.319787429287462,892.9353809175865,1.4930159815009698,17.795053282512857,341.6983559239547,2.563409004933995,47.346676736622676,2498.1439316713195,1.7996003726257965,4.331569167017241,18.740531475784934,1.2544367532638023,5.662228342104765,32.68385306953398,2.2455047434018565,37.47699027284241,1573.7874958133614,2.33674102604114,21.034663574368356,447.02076601172485,1.2602800508061973,54.94310512859815,5066.633262205279,1.9537278446136557,12.573126557140025,158.94692454295557,1.6424093430155295,5.269706830531874,27.86322527910843,2.333295444783728,29.299472922002266,767.800507449053,1.2790371689583206,22.222425543605368,870.5520518424321,1.5193821695356025,27.330334337876028,746.8800029358458,1.260816133841317,8.065150108566941,65.40440246260442,2.1440036064546346,5.5187777992310965,30.49721805526851,1.948414631843825,15.422878558629675,238.55825888878158,1.262228963613141,26.970950047520283,590.1235908321697,1.835117619473848,23.21263074117128,540.3111701210514,1.2598917108401664,18.22946809711356,333.2905440120784,2.770143687578072,4.140171232993585,17.118328966437367,2.3013968982755895,17.20708649288316,420.050622882318,1.667622603818513,15.263744403442994,273.17831544680234,2.602858074544517,28.627962581778572,882.2527495786054,2.0962205978196624,10.898039599867548,118.39404361897067,1.2545737715347813,4.146709955524984,17.22550939941559,1.2591833322672727,11.052810326177848,125.15964167584713,1.298306889281862,19.79293315654944,369.8064556802862,1.898131994792417,33.22258276812357,1113.0382686976018,1.2564713418523838,19.802267281460587,400.2135978590001,2.4037687585777294,2.6409775572877887,6.988155641195626,1.255443647548658,32.66411510404006,1060.5899907211465,1.8592900421667646,24.4576242286413,474.25359441611545,1.5333607797031579,36.50278766041466,1877.8030792835393,1.905818999367381,15.515312354102612,227.64320285649288,2.4813356152021018,4.707821900533224,22.127677893862447,1.2541714163289341,28.84589493186575,849.0275416029722,1.8613340765377435,16.61558567400451,279.27715553515117,2.257928970918795,50.39099258697932,2429.7216333043416,1.8327405452482004,12.384339004175226,158.94727315546814,1.7419063799887415,5.686830179135588,32.616267385471126,1.7628841880297907,46.54634700717148,2625.4513222481282,2.0997164242455306,33.1196165618205,1231.3499407896832,1.3360374539728952,60.71728210534833,2218.901891216094,1.815861960380915,10.502547162436095,105.45579253541176,2.665102199393271,4.938042618351334,23.59008591199716,2.7526464120972496,16.40924164292997,269.83150995624493,1.2601747604968605,20.357413445495716,420.256830990001,1.2735361354568595,34.857456513707994,1212.8346787438331,1.2561773357517638,6.404679458568809,40.38650312847153,2.232652902282381,4.677226770745421,21.84736793890069,1.5880712528710423,35.18192753832186,1409.3372970977493,2.3453344907149365,16.24335378540872,260.09404124658516,1.9799545479311593,38.971155394964924,1517.3791044770346,1.933795977462832,11.575461629488508,137.3643352726717,2.5213834120585887,1.0046510688723362,1.0128947748922175,1.2543488310773978,31.544720243258034,1107.749150511218,2.3501850053719484,22.159604422823527,495.1364253336032,1.2587434089188876,36.510123564406435,1323.7077298234503,1.2587107824420496,5.024833758744315,25.150571250583585,1.2555204081914983,3.60250022704935,12.976312208566636,2.1223221531001037,19.1555502586944,366.4174911105924,1.261474825144646,31.361610040793956,998.7591917322507,1.2719625012934754,29.03837870513733,803.44310145372,2.1462071432810457,16.634630659940537,272.94286432520755,2.299452509175243,4.744012517386564,21.440865493915595,2.681580813279228,34.57317898589704,1169.8360948736565,2.2665067492721276,18.490145070850012,258.9866293186041,1.5951966158076298,40.6225829871946,1654.6466549557454,1.2588238567883894,17.20496293889845,298.5793099156583,2.248213900855282,4.947871643148851,24.415593511305914,1.2567819585442013,37.880088550355644,1427.387036003434,1.55863491978657,20.472945867033193,449.2734507427223,2.0353530064719703,72.90392503419105,6217.260123063351,2.026859041260109,11.293232500090616,128.08296458479055,1.2573846225380862,4.595887535355613,21.085920975071502,1.6252598672965,1.0,1.0,1.0,0.9999999999999999,happy
30.449408067452367,1081.1292262667278,1.89261067182572,30.52577991413602,1100.092362323453,1.3121897539459169,26.13090207351621,679.4877775618605,1.2560823275620177,15.694274563884372,244.411797998557,2.2554312018118043,1.7390062746304005,1.315847061526045,1.5916066077554631,20.983532234816593,430.0941359600727,1.2561773645991199,20.30167205702809,386.27114296262124,1.6013213252492642,45.53157530126432,2074.4156532432576,1.2576111560939547,19.011220382251288,212.2195074153068,2.3285358386250863,3.0328853669177382,9.166320363871476,1.9688773364055336,45.61190261980488,2212.293109454739,2.1759516994413675,25.89242409754804,684.852971107879,2.1768722450377687,44.99719966647905,2024.3221278204935,1.259428037968058,12.09947706611562,146.25536529021957,1.2606229936970397,4.347092365766296,18.86991301992791,1.2576736377105648,12.136887257545968,178.79709329442255,2.0713537336625802,15.351516868634302,235.47291595694597,1.2672850364267736,60.76145015018063,3794.825135783617,2.251644872218828,16.249206137490038,232.93188419843437,2.311727177412506,2.1553107401471934,4.654712341028696,1.254788080698951,35.926061858327074,1657.8985682146179,2.022381561649755,9.585480450637196,129.61241349345994,1.8374139820101052,66.98079786033158,4161.303539781843,2.566175530520885,4.373159760685809,19.097226192708955,1.258581503823434,5.434257403399622,30.438469344665798,2.5175723510753327,27.45255986040547,726.8335413910418,1.2047219725647218,17.72785615774759,361.62056757124174,2.57079412376646,47.052685139657584,3765.2184833716065,1.7694252908622108,4.328161885234882,18.747409447795864,1.2543135253295439,5.750516089767959,32.518830124951805,2.2455945403709445,40.4070650498147,1031.4995510892336,2.5573613331767993,21.1007690150251,445.26284853307726,1.2598942150925863,60.28445489735368,2012.2075710430615,2.3089434233595543,12.6781332138183,158.92063566544596,1.6448838958640488,5.213342686633939,27.859069225972696,2.332572354834814,27.134446323950467,769.5574559213396,1.329855781502564,24.498224986383637,256.9980224594351,1.7168230296647928,27.24923380523561,743.9186467679037,1.2587454465127843,8.103361032632217,65.58886452862501,2.144032309565748,5.518331962372413,30.419714158178703,1.9486490413500899,15.425930606608675,236.66753635621276,1.2594171299207086,26.992652474783267,594.6503821913597,1.8336979004013239,23.23196543749869,539.0570690335733,1.2594150276678049,18.358421181143825,332.7008472394757,2.764335961359178,4.150465627971687,17.087914830974952,2.3036768225590594,17.26706747341972,340.36584075267064,1.7554653366740105,15.628174954100393,272.9148162410662,2.6073760103448853,30.35485864137521,884.0657159545772,2.091295288771088,10.901061844367286,119.08803428992078,1.2583974183920679,4.144370533330283,17.194011467244557,1.258887017054704,11.140820080218585,124.89177351131924,1.2742077445539663,18.88371804914049,368.1824800138778,1.8791033143327902,33.42297942978798,1108.7462384133578,1.255813672603086,19.669970288086688,400.2514797084169,2.399261080630274,2.6422335616681654,7.005969421591523,1.2550274902352705,35.50405993638488,1267.2086840669276,1.7902131856745922,23.119340579262577,755.4413699232094,1.6944238094263246,39.930317458809235,1378.4399679088579,2.028853573876455,14.779844005238612,226.81627554839616,2.4830940040967526,4.706303145816453,22.274936018904732,1.2562635833099849,24.016951127412607,583.3238767911081,2.0096338991740437,16.601559951130263,279.0936613494031,2.2597232034490986,55.76565667870304,3198.5275308190044,1.6682370779274882,12.741397538116004,159.13241880825618,1.743780723839324,5.695310160915358,32.58808216163993,1.761628645751403,38.690586745800836,1386.7468805226824,2.2633529195570765,33.300167013787345,1287.4863642363,1.3421323262696467,50.992240479347636,4541.26789687038,1.6735478170210172,10.326128543212304,105.06779909909991,2.6539581961084004,4.838707996052992,23.500217050318206,2.7530843859001957,16.450560955331213,267.36979105518884,1.2577547065767676,20.55020374400588,420.95402547569336,1.2543672264822747,34.863897209233905,1217.1256695778666,1.2581280132268975,6.511417116479061,40.446496989979764,2.2365479994014494,4.673258921995086,21.823220094591846,1.5894423981749473,35.12878296787951,1362.0177779793087,2.326258215338216,16.055283483359062,262.05090659300424,1.9834855810194638,38.93202097749335,1513.568476881415,1.927768383394999,11.644131803979954,138.33444442238468,2.519115823628077,1.003223996300872,1.0065004986189554,1.254833082232976,31.367127804664484,999.1327799033186,2.29580318146723,22.3298545909562,494.11177801649524,1.2563504841855209,36.38257727460752,1329.7463046681526,1.2606989945822007,5.0142754870584865,25.202891923934914,1.2567264959580704,3.610002385958519,12.981794004065913,2.1228717104163275,19.169985918792918,368.66716181216736,1.2639690322094632,25.565803441772008,648.2928572120157,1.2792463640428482,29.130993927702455,803.4272998479776,2.1498399236573285,16.649173702117096,274.43412212989006,2.2998820854463826,4.545078050241037,21.414023422234088,2.7124772497397416,32.72356303120285,1102.651520490193,2.06647899676876,16.560334182906036,439.87271962807904,1.540869489391892,40.56686420801765,1656.8293587222115,1.2585366903085253,17.231564029029396,298.9654893549475,2.2485834099594344,4.939193876995278,24.451190354859584,1.2574647317986458,37.735558470446996,1419.5870114895304,1.5611748989047305,20.487388607554514,447.2001804567778,2.033587547267182,69.32065007709757,4244.419401677446,2.0972422242001443,11.279878589423177,127.22722400706411,1.2541068879162456,4.597793081984222,21.13028247331847,1.6245657831666445,0.9999999999999999,1.0,0.9999999999999999,0.9999999999999999,happy
29.824230274546846,1163.5041751449482,1.8479457804349384,21.76506908469418,423.29985417639244,1.4595139749415158,26.12117623510421,680.490381652882,1.2601232857550622,15.608109986622996,244.7137028517232,2.2561280192631155,2.1297469902141954,6.366152021456508,1.3781187188041488,20.794439972442202,431.2451299121627,1.2789096191791014,24.764020509163178,637.2492637287912,1.4982484266950058,45.508983186097915,2069.8263539383533,1.2596911445480063,21.963418218220575,601.9487114054175,2.178196950789313,3.020018272832657,9.147075262394527,1.9665490585625691,39.02251670630634,1607.7864297307276,2.27247496061358,28.328462970616307,760.2394310859594,2.142741374945956,45.025804838146925,2022.8410398612032,1.2575875174150195,12.071699596979212,146.3035308513646,1.2592172981520744,4.349415354708034,18.931592292919557,1.2589728918780507,13.764803681423798,160.70449682387402,2.0871860111920757,15.300130168869236,237.09007377382864,1.271766332633985,60.87238593123907,3782.831829542766,2.248953763993915,16.539163789168054,214.5750553546426,2.21115432545883,2.1570297638800557,4.657421325515468,1.2547157253004386,30.380038608411272,712.8220739717535,2.3363337920702385,7.381227113115161,61.72069976580946,2.0223622706872235,63.16036994825316,4160.64736132242,2.557636104469061,4.379007239215605,19.129829562408716,1.257572067134622,5.575014005641581,30.295652041454954,2.512010149288657,26.171992001261792,925.2794876726368,1.513080570819985,16.734671710410264,323.46749443590187,2.4692239688310935,53.28889617001534,2547.075296978733,1.9159616679656704,4.327574622517177,18.75963272049895,1.2552319215701173,5.706851245524794,32.64255753321634,2.2463173607186366,35.13959675285332,2082.7005171915,2.1497014923990037,21.167103454367385,443.06826428476114,1.2583670933827702,57.191043189685566,4174.582194658984,2.080823889228684,12.571637165808271,158.6785401640374,1.6448153892727109,5.255557039898647,27.94823877855025,2.3322690779449347,27.710082041836177,726.6304855241625,1.2554738341052907,22.65241676381216,771.3701312468542,1.562889843229713,27.285610862500388,742.9541791354296,1.2588158423017393,8.056618654632812,65.26410853235836,2.1415111394188977,5.522884270463906,30.529153132318903,1.9499522480555365,15.438512217597964,238.0155576685725,1.2607276459495098,26.929799766255353,594.3949474234412,1.8424168186366412,23.224981100346106,538.8637117058156,1.255582592898678,18.217767238542212,332.97345503628105,2.767754594154344,4.141275864250153,17.13435285832209,2.3060815459966015,18.55685776361092,188.34423540202053,1.8874969826506818,16.607376259642738,273.548605574897,2.6065724741213163,30.265949560913054,888.3936221196324,2.0976102522193476,10.906734831047745,118.43436538010009,1.256533286336814,4.15282674904666,17.302510579622208,1.2628232768645962,11.338467240525087,125.25686714871908,1.2577892331517972,18.576323030832548,367.51514228881564,1.8670980331986136,33.31926559202216,1113.1613089342738,1.25809427986367,20.319723370536735,400.64057251722784,2.402008986353271,2.6434259698012825,6.984011532851319,1.2553281034711892,34.44140192492473,1191.2326803175663,1.8139724231375594,16.696486401585577,218.45712856864432,1.636805413457872,42.212798161117774,1044.9450367102743,2.045184540153615,14.947123813294615,227.55249147339978,2.475750551663767,4.705379897600369,22.1579103992044,1.2545693451431637,18.619200054392277,338.6054183200058,2.220242167795971,16.642773635760417,278.6042298244851,2.257495384860918,64.40413483812878,4085.019415583677,1.6515025151567997,12.7475531992366,158.5359756329861,1.7428126712889034,5.69841257110647,32.571481964534094,1.7608833685739413,40.549626334832254,1124.9788686084705,2.449849987296258,20.545384802172904,201.5460660048048,1.8083791547557206,56.47195041891189,3186.7247337208264,1.8140588308154868,10.157895582387077,104.98933770934788,2.6461844902402096,4.87262465905775,23.61160663262014,2.7558537609472005,16.476375557184006,269.20333557611104,1.260466707266574,20.608393407698077,421.2180409698111,1.2674125851925353,34.90348654118242,1218.1956319101355,1.256810761456968,6.511245045874837,40.18173561720034,2.232071558913922,4.678818447958216,22.00569238489676,1.5920380996950123,36.965486769846045,1281.4425496424913,2.2289098979767354,16.36750546291197,262.9621908389455,2.0375849712860203,38.63909096026521,1518.7782031565416,1.9302352258381488,11.765366517645374,137.3284313129188,2.5142890489554426,1.0034559831591496,1.0088515863736551,1.2546568217588034,28.89193071838409,944.7654444127713,2.183139297201375,22.164737632350906,493.3668539216491,1.2641723930273954,36.29289480690805,1319.1953473410326,1.2579592094959027,5.007191161969983,25.13168352310973,1.255506346529754,3.598700501305136,12.96698658779989,2.125939973410434,19.15897010680103,367.9410117671449,1.2627839610449465,19.03960242692959,331.7791188419879,1.271478682086271,27.99625487256131,803.1432822659034,2.143264737056764,16.73170086666231,274.3041992612269,2.296683903934939,4.530944526640931,21.39852727427271,2.7058061423608297,33.960678318768515,1128.3589491633943,2.1680534007680645,18.780763543638667,205.5692389136398,1.445460254530597,40.712879064406,1659.542639593819,1.2606114060330562,17.285157140065017,298.3573798894089,2.2465524966225194,4.947530483584918,24.470904054770973,1.2575493169914922,37.07063723496278,1333.7361113049146,1.5666011261860746,20.512848055698612,441.89657959092153,2.032304590278582,57.967560728617364,1994.1069742386162,1.7692116253952281,11.266613019715017,126.99522421184703,1.2541672763361416,4.60189962015557,21.14272460330594,1.625745249327834,1.0,1.0,1.0,1.0,happy
30.467610248470354,1171.925918519164,1.880368343679557,17.837557402193035,160.08159977263708,1.5337558474563735,26.058355270174495,677.3850342946619,1.2575071060463627,15.572419220068607,244.0297402417923,2.256384067137287,1.7829830638676107,1.9519390812524609,1.625739787583829,20.497348759786583,431.42232677824205,1.285554880087902,25.420932945911463,682.5099308185032,1.4865731406126454,45.517116866377954,2069.8698341316326,1.2578494256193107,20.12402973289708,370.6575172003681,2.4419145806752716,3.0253032479193127,9.143294489736915,1.96671156209825,33.76744212733144,990.7857789987077,2.2030231999188667,26.499687113517123,748.367641171448,2.1310999800098447,45.01610730392758,2028.4444336662514,1.2579814208029796,12.064686637537775,146.32100563506467,1.2597700344987768,4.35209937668162,18.916302570012554,1.2593419472426857,17.796896873359326,315.94980315456775,1.452959671853871,15.281151167563802,235.21369411957428,1.2653577522780188,61.20495233458175,3754.7706276812573,2.2486890821746557,16.684307235260306,206.3297241515841,2.080594760862794,2.1582751137724254,4.643849256425248,1.2534318840870373,31.767482746950463,847.9643367315372,2.2648876824025033,7.709640798723721,76.0428379489939,1.97064902990166,62.334090044062975,4154.162661754927,2.553247251038238,4.37570359142974,19.195197761734022,1.2601859353397327,5.5287958239555355,30.342175617992147,2.5163168891261454,27.255699948731827,738.0231564516306,1.2573669800155232,17.271362461003758,279.95293450662786,2.4124535968625533,52.82800243382199,1609.6005213027572,1.4930979732694272,4.327958674731667,18.65407285556163,1.2545831849389497,5.680265082578323,32.66888716012291,2.2462283283193214,39.11217567162393,879.2265651938736,2.5063169150058564,21.14053189026004,443.55921034923193,1.2591922922789576,60.16126108128581,4072.724821697514,2.1754398944000286,12.536980415568168,158.09445350480618,1.6422868970679638,5.337336581478499,27.812915957580298,2.3344233156763887,27.312417990911875,787.4424826748176,1.3016263559746737,23.71468150918096,424.87684626910374,1.7857723573485031,27.276854269281383,743.5413761519821,1.258434234788259,8.08428802224072,65.254134886063,2.143324411572691,5.526300261088676,30.358127585211832,1.946935996944645,15.468944914641868,237.71573557565736,1.2594850472387218,26.885351206846344,597.266647470194,1.8564398425432982,23.24392931717502,540.2589430007356,1.25946088301666,18.255388618060824,335.2746214844663,2.777035921587483,4.139180815853058,17.084026156614723,2.3014452839160207,16.21981694988921,490.711600414855,1.5971718329940854,16.8434860327286,273.2650836190907,2.590915787426892,28.59307999523859,877.0529323138276,2.0934997819295393,10.896097594355657,119.13313279462665,1.2566733814859337,4.154016152298314,17.232357761195093,1.2591385340472194,11.125830339112772,125.58456775765845,1.2942949311591296,19.546294034657702,368.73860941601174,1.8941723883993447,33.27624429360475,1107.7271810617506,1.2537053989622764,20.22045099679865,399.3626471750695,2.404777378789053,2.645880942027622,6.99084181265495,1.2542485909876517,30.096207792428615,897.2260425258651,1.9194638640053143,23.70067772116456,400.0259709976041,1.5366383302467033,41.232732147863544,1228.740047672273,2.052699966500034,14.856064624084231,226.96180941401826,2.479698806686263,4.709426119859171,22.166769623592014,1.2539057304463448,16.00618019978573,244.98753935174642,2.241665973532961,16.699763070172224,279.7421607605856,2.2580688311480612,70.90784419841722,4977.47814774732,1.5996232125226053,12.3799852616264,158.7823168446658,1.7425899881582763,5.700833993847488,32.457180897966744,1.757568783316972,45.868694373775156,2680.1392450136045,2.163999314928267,26.77876375859092,607.4465631375439,1.4861634380971467,61.966585583117855,1911.383753225332,1.6675593301774945,10.085022757418233,105.15414764605592,2.6509716683800266,4.830324723085707,23.639415033256892,2.7577712781910315,16.51897850889008,269.2830384879598,1.258291837180338,20.354026387320726,421.601266934536,1.2727044628059825,34.90091034630986,1218.7391052775524,1.25919558931554,6.4020818729327065,40.19708205734277,2.229524073184647,4.6835334126379,21.830585288917142,1.586689753782565,35.31621532938113,1322.2525158011056,2.3010562108040014,16.179066234270493,267.65888218193965,2.073141183564438,38.17008442200764,1509.0026982188754,1.930235729828075,11.881031200756807,137.9747284261152,2.5206795973177396,1.003628823148614,1.0052333412807934,1.2527023562255426,31.798147879819815,1089.054464012635,2.3490529576165056,22.19312075270884,495.36305414849403,1.2564049817256768,36.44544887963929,1323.576954914284,1.2593573434272711,5.017088798552269,25.21191031844092,1.2561910808233558,3.5979708237331933,12.954048512821998,2.1275459161385384,19.16552529566075,368.11907514358285,1.2642534887482695,18.162997170758867,276.21704337520833,1.2496049531010458,27.350829687817733,803.1780986794564,2.1305525042336706,16.534404560461585,274.5463259999816,2.2970433480901553,4.795686129816735,21.50576323399963,2.6876348273466095,35.63916433418383,1198.1852567345752,2.2962922586612473,17.46955587371207,345.65301352085095,1.5923398411237262,40.851592693413,1659.9680519097242,1.258674668219416,17.276869298043525,298.5651978879297,2.248260341305989,4.938408711515053,24.376146408276625,1.258365450314077,34.71077880262305,1213.8162005427594,1.6021962030961774,20.48721963846162,436.4086555519243,2.031303562986096,59.11470342162362,3296.671299398087,2.059484476660325,11.268183155127906,127.12035189525152,1.2560710706960947,4.59548375277644,21.154281367908776,1.6333840559725656,0.9999999999999999,1.0,1.0,1.0,happy
29.962639929915476,1123.573073972306,1.874016432625767,28.22098226659483,890.7787205798357,1.3385955792879303,26.03515862338247,680.41137638595,1.2575765778148544,15.67622318297947,244.2786244045366,2.2575730072203415,1.9637551659651962,4.0331249988055085,1.476140808983182,20.70969678144058,429.0051823281844,1.2621246194215296,21.39032213114689,462.351697982869,1.5657732770650103,45.55548565092942,2082.046624770534,1.261166118889943,20.19410338313554,348.6737776552036,2.4595724527462113,3.023337440114499,9.154817205138183,1.9700227770958032,35.988965240831,1305.925270136462,2.2828346873696,25.679953828343574,673.025128114927,2.1739292456995636,44.97211090590287,2020.659435581182,1.2576938074341035,12.092444051639202,146.14189090047327,1.2585156030176219,4.342751597529567,18.901992421040127,1.2603589384772833,13.814429065864184,107.35677213519318,2.2557146273124085,15.313739185202493,236.43128928661704,1.2626243573491316,61.506603076327835,3769.5324819281013,2.2540205173363628,16.685401508327733,207.2177424369169,2.103013879420447,2.1565936046343763,4.658947082846576,1.2558444358037086,35.371656801234415,1546.9290483196426,1.9719711979380377,11.169253001326469,129.36575195055116,1.853285679418664,66.5473702197674,4163.575684562969,2.5679425167560943,4.376265037169967,19.156789935571233,1.2600506394157704,5.426957105057869,30.380722564411013,2.516587625919983,26.574441029933272,867.8488494779746,1.4745563805971258,18.724154560347213,273.58647441048754,2.4868158569225978,43.82815505940244,2123.1992079830347,1.5233783084507762,4.328925755254533,18.70194753145474,1.2545628297088276,5.7650351012914,32.675972914722756,2.2460436596210522,36.78406992841214,1648.0360164759238,2.1974983196514604,21.05288828091531,443.70603312389164,1.2578263213632057,63.4356662726372,2253.03566981342,2.4252828601500234,12.63296240714086,157.69092064827103,1.645371430436344,5.337265934202099,27.90224377668742,2.3370566462901317,28.422510356631218,835.1099254523139,1.2903772277262933,23.473474413784455,560.573017645769,1.683152324271563,27.309500582282343,746.8095659298284,1.2583216013562204,8.062776309883112,65.06728232644521,2.141723030746306,5.521035288539301,30.35188718124505,1.9460925851069941,15.48754755192468,239.11582054166252,1.2604574792114496,26.88434477824121,611.9063386239279,1.8709781386829754,23.262200903505256,542.0774898847449,1.2595426109776313,18.26633980250008,332.87686217981405,2.7742595431645016,4.143836353205265,17.099052865327792,2.298817152929413,19.31954490653213,203.40868627506512,1.979071356849249,16.150139885483995,272.289862004854,2.598981679791059,30.238778389785868,885.8909472275217,2.0944163657338493,10.88447697123354,118.67179335935856,1.2566499571673133,4.150456702146352,17.15498936089266,1.2580516320437811,11.057232060414965,124.8918794576409,1.286771902407256,19.76086218154853,370.810199016892,1.9023505323763936,33.45111955244851,1113.193025105075,1.2580445439115355,19.631658965075115,399.3000310808565,2.4052355836081922,2.6493379129321974,7.012382835383226,1.2557609381765702,25.689799206758025,645.2719562718719,2.02959888302077,24.104323655029305,737.6141418460863,1.6608654112924885,37.801580120888,1739.493743780198,1.9424036172940198,15.153174354629309,228.27147152392484,2.4826227198284827,4.710050241146063,22.220150139676697,1.256877945439261,19.010912665066098,350.84237541768994,2.210557848495095,16.620596745746774,279.09468018568157,2.2640180718061194,74.5690914805881,5706.956936365122,1.5141051525632105,12.646189607811188,158.95784416202235,1.7449558930851068,5.71534740513092,32.514745354221176,1.7569368970011663,36.36491782383588,1471.446929034398,2.34169131538308,36.85320445628342,1642.488551814039,1.3173196998132595,52.422787990215284,4228.8551416092305,1.7029305110277293,10.126859514131574,105.22438361311463,2.6619803035609486,4.800440398751578,23.63900030755803,2.757672745748707,16.52223393877538,270.046160458357,1.2601457436110053,20.591474766441724,418.89805621898887,1.250034509230009,34.83634294814727,1212.293206927545,1.2596080158480933,6.2465467181969005,39.993018027549994,2.222450131047673,4.670970052991586,21.861767815953055,1.5896523406904743,34.34429144270358,1442.6961578830108,2.3586904688405705,16.354525109992593,266.9641534276725,2.081738655198563,38.5973015850924,1516.0985678109203,1.9275809638912984,11.879498765647174,138.08425567107307,2.519091607921546,1.0020831538500086,1.003830937305929,1.2530325873220736,31.39208972469052,1045.0848507702447,2.3302839236650925,22.357645310607886,494.23692213362796,1.2587183550523953,36.37398726297608,1319.7823393008518,1.257563697530019,5.024395285133163,25.136349688254917,1.2555406287269195,3.598253137437935,12.92054460296773,2.1261171578654734,19.15799922769099,368.8194892827625,1.2643920593067628,25.60484616527281,600.6843834251893,1.284985831765616,28.245850532039306,801.9740071337916,2.139543485647305,16.53896834733206,274.61736742206125,2.298069843185645,4.586027959858793,21.398686214344757,2.718079959652918,36.46811485168904,1264.3985501256527,2.367381229703948,16.980497489348554,386.3907878492129,1.56969253530028,40.813308295498814,1659.9451430241397,1.2596092313265723,17.25345876259372,299.34624517294725,2.2479108700822414,4.946719593683759,24.443283901499708,1.2588289470365825,32.012030194788785,1033.6153707125884,1.635114995997173,20.48658132262526,432.57067674263493,2.0264021898574303,69.60892783683909,6455.366041059744,2.017436433017713,11.279619748368857,127.56252353164406,1.2567936497514252,4.590015306669186,21.149843694756104,1.6269227662872694,1.0,0.9999999999999998,1.0,0.9999999999999999,happy
30.611487082783103,1016.135346088555,1.8830317321746723,29.4805631770432,1007.1769510402574,1.3267162815522866,26.043406375752483,683.670455004835,1.2579356465358227,15.670726909235514,244.40992493325263,2.255369693666485,2.036317881724552,5.111881828694398,1.4216952494028101,20.95801909084108,429.08220767044514,1.2582331684376478,17.22336426143628,265.84116924768773,1.6595451490599935,45.535989098664125,2071.2469686283434,1.2568982147801315,22.066105893047393,615.4147227621902,2.1692847317146833,3.016313100317309,9.126235364192688,1.9747222476962663,45.15213951061299,2072.7142010438074,2.2030813312441375,24.031630533301893,548.3170678737812,2.2515069085125448,44.97012576166005,2020.6948368978312,1.2557738633545945,12.123546832655688,146.040373617923,1.2577557746696553,4.343106498448039,18.884209996280703,1.2591883803567927,14.166755805309588,227.464261966799,2.0359573040569092,15.36047936111494,235.634304836632,1.25925197131176,61.50924412753309,3776.357148087272,2.2573288795706645,16.649952044227266,220.09589822434262,2.2478569871074954,2.157953687445843,4.645316688650459,1.2537237914937087,29.612081208596326,472.1959645599258,2.214445993724096,16.05423587131894,174.3279734726377,1.5164620457165525,66.25427274930522,4163.354672692342,2.5642270708291792,4.370169977007109,19.15794850686759,1.2606673387799592,5.54442023256329,30.319194275910913,2.5139574049233304,26.748316696761776,827.1141352735497,1.4299771223153512,18.13102051932574,289.2612924278797,2.5423740162072375,43.61358063851584,1696.9153142887901,1.3105576775454755,4.32457241111926,18.777342927945348,1.2568185390584987,5.675972548521408,32.65496510848762,2.2450946114780557,35.677608515638376,1432.0372943848652,2.163041397803003,20.999259806062113,445.5247177378202,1.2590547959280198,53.92555843998219,5029.295862221807,1.8863144372064147,12.553967050151904,158.32887988335528,1.6415471819591174,5.265474296641961,27.92464133558646,2.3336863567943977,28.408584545303306,814.1358259158243,1.2888339987079371,23.07024908292353,650.1477883091975,1.6304772490406163,27.322887510651107,745.3953898511193,1.2605035922261794,8.08152064408042,65.20313938450036,2.14370335577738,5.509312951885745,30.40323465986767,1.949367733273346,15.495018041442924,238.45366421193535,1.258044032596092,26.891997607640697,624.6574218582518,1.8892057462157985,23.251403807447826,540.5548903807907,1.2611421208392353,18.27107270210352,333.29203436293903,2.768865813776682,4.145224242079551,17.211445347084208,2.3034312413172877,18.288026204633578,319.888277363689,1.8108165872745883,15.345656633680344,269.89389792018613,2.6007588663450454,30.09713527623052,888.237258530871,2.0966938240564943,10.90063138679916,118.69506057087634,1.25727877920385,4.142405495105723,17.217687989906665,1.2600090474824537,11.299117182034838,124.6933813118747,1.2532258332150812,18.859020954742203,367.17648892009254,1.8753815115603778,33.25990563113138,1111.9683513973212,1.2577342634391118,20.001266550651764,401.92208435866564,2.4022907247140566,2.646482282095647,7.008388779003028,1.2557267936066365,25.636669761963176,661.2377802924391,2.0401336231148397,16.587059065058465,276.3444288601384,1.6647700199409659,35.4582795560997,2015.411725438129,1.8633350407315947,15.507815967968858,228.2864490103519,2.481380207868642,4.71092314448096,22.18975037998621,1.254725885192685,24.37908320575988,599.1931333820208,1.9867794136181685,16.64985049883569,279.73822815213316,2.261855085852871,81.46897519131825,6498.331452663197,1.5426287601843591,12.831858874922716,159.78975772548057,1.7471588744175985,5.732136778504837,32.49691293500429,1.7629814156432064,39.291890509285906,1113.4330782332454,2.4714932446691233,29.19401696623481,857.1998912053385,1.4223599767979365,54.149438243588726,3739.662940612476,1.7573909965433414,10.209699952831782,104.87389688697078,2.674086144801812,4.831059727639456,23.443491273251315,2.757746491240997,16.47478723451776,268.80125088096037,1.2592148930152052,20.53510760488524,420.6012454025147,1.2706802694755495,34.765773901462566,1210.636548808374,1.2607113299961894,6.169597998764768,40.30841878908741,2.2226302399987623,4.671567579714364,21.84350707796897,1.5938670015004381,36.000895772950294,1292.3887280376148,2.261294582435574,16.458910220528516,266.17221083135655,2.062691096321578,38.98349359442193,1517.7269076985613,1.9340013519180583,11.789783810448979,137.95317904661692,2.5197232743703304,1.0040567819435233,1.0051222116212357,1.251853574242124,29.27460638959434,931.2897104660328,2.1165259858740413,22.167793068174785,496.59953484385363,1.2663234019336322,36.25734756515259,1323.2193669350245,1.2592960055392024,5.02517522969153,25.210856611371813,1.2568855405521793,3.5983729637145765,12.954315432792935,2.1302754294248696,19.147321329690037,368.5530400649891,1.264692782048166,35.31514040345348,1220.9666094347763,1.2739983648948825,29.29697085036694,806.1344525447875,2.1492059857175727,16.391316538710207,274.48936716588724,2.3013672816575195,4.612840427757948,21.461437505278546,2.6857928593933673,34.70834358700881,1246.0861525212676,2.3823311355609493,18.98531802369275,191.08387173779096,1.282219977810441,40.65960162141498,1658.8534823500715,1.25846718323201,17.32455630548362,297.1639711838698,2.245841002022174,4.950128779466605,24.53500645147377,1.2590218801134054,29.013918074521328,841.397120140369,1.6966101486133351,20.488086841882968,427.27331926492303,2.021676140251138,70.43932239975257,6790.191740199025,2.0094990370937516,11.275024977052125,127.14079485727098,1.2546997137636529,4.592829113789284,21.092282046088204,1.630168960120983,1.0,1.0,1.0,1.0,happy
31.863238621195258,901.4594871830944,1.88879205824992,19.4162190421785,255.33326117609113,1.5096944850406138,26.070488911236303,680.9957137803684,1.2558064181956334,15.614593615105644,245.40229556525156,2.2556513231270965,1.734461323003699,1.274012396475182,1.5776753741838034,20.70464251154216,430.9005378995767,1.282989100766227,19.37892023985107,352.09943702103453,1.6206961636353179,45.49226155395967,2069.2515815097463,1.2593609668365668,19.133276244316935,216.44505369371905,2.3403149124774343,3.029509356669261,9.155187664434187,1.9690267143171343,45.200954677598546,2108.1585292655764,2.1839546380715054,19.764448363016886,416.22247751559007,2.2378709956257166,44.96329583257428,2019.6357840853834,1.2576612308916595,12.119957480702148,146.56766026380214,1.2595356376805813,4.344324059554072,18.869916991113993,1.2582483249220853,17.060140059018273,427.03218239643235,1.8177519694522513,15.424075995425628,235.76566139388459,1.2571621910327198,61.50782176750831,3775.890704886456,2.258242418602458,16.270610163905086,238.24942905951988,2.325600663269,2.158321507954041,4.6506633568666595,1.2545622947852184,34.21351812987899,1263.5903657070528,2.1340053092740434,19.127021917898844,315.03379864383663,1.4857768953307031,62.08893413764203,4157.426328827616,2.5502147422645254,4.3815177615620255,19.185170229462162,1.2589414218548347,5.562317269185762,30.3776708670503,2.515751384812498,27.248635180618418,776.238613931635,1.3442898861592107,16.418389882700932,314.93412814179044,2.418696386435897,47.03173464134344,1896.6504153760122,1.705148130664053,4.32536024666126,18.754316129744275,1.2563515885837326,5.713571200996828,32.71574146844716,2.2461791637657367,37.77955625459319,855.9079864205851,2.2363594868490613,21.01956065490366,445.55735026125956,1.2596771697719904,61.91389179515431,2357.925566592368,2.3665075959591824,12.559612093543638,158.42604620822368,1.6434318173114097,5.203167201146707,27.975449794457106,2.33658877848785,26.020843557632066,659.9861554588537,1.3114229603543357,24.046355119407,346.6405920090537,1.8167944962970155,27.284512201907134,745.7837410237084,1.2607842827767328,8.097067773682854,65.47654247909166,2.145189200256985,5.502796844224629,30.443873107831894,1.9437430799629545,15.473184525964601,238.36011079399748,1.2606708006744236,26.771601327230684,638.4240822425937,1.9107797754981444,23.223809582871823,538.3214684891374,1.2565845788675816,18.3601426159626,333.14657439639956,2.767768826841817,4.151454337680174,17.144903149906877,2.300855987800358,16.554897022999686,435.2011163365755,1.6543515692361734,15.758685298624405,270.51471958674216,2.599105252458783,28.610194689748084,878.8754321137912,2.0962362585326493,10.918704197124505,118.99430939710145,1.256906424452607,4.14205252483936,17.14833558986457,1.2580186999769711,11.202685294158318,125.03504180886908,1.285370343711175,18.587180295387405,367.6157441878487,1.8725758276342375,33.361062457660054,1113.4318828170788,1.254301365611589,20.313580913347234,398.98869399848485,2.4016038348019886,2.6432066565088213,6.955369621007583,1.2522803682617158,30.002174236804642,926.1250205428654,1.9192566307761032,22.92829974994791,353.5141360066615,1.6600578557120713,37.302611786645414,1769.2155251568236,1.929576310461278,14.789302179849654,227.95261979107246,2.4827928769203567,4.716036729458714,22.226731301660944,1.255304360725076,28.803748707848495,862.630416601311,1.866257201730049,16.82032515153132,278.35766266153155,2.2548132669638843,83.75664398283946,7059.728573506682,1.5083947093397223,12.397969406780106,158.70056674422705,1.7475271289929522,5.735777142432936,32.596731842040796,1.759743065117006,46.020155901759075,2629.7171619414767,2.1173905848890646,19.824236830420727,119.69945044406823,1.8857348948775512,62.387430697747675,1798.862900955443,1.526282650609361,10.247515364141515,105.4338689267405,2.681738728849145,4.8654187384715275,23.64414065225395,2.7575624756472092,16.417688466583563,268.3729267123889,1.2595930765466352,20.355430818133733,421.3489569020576,1.268750110737133,34.781609465009375,1209.3605307331577,1.259613209807322,6.188146765942938,40.10993123078799,2.222908379898745,4.679205175077949,21.850218202278644,1.5872736857891057,36.95738527631552,1278.645075024411,2.2328854735447012,15.978374293604647,261.1709310608394,2.003286358986444,38.93949507597909,1516.1521190597082,1.9313421074158679,11.660357735620419,137.7742863891684,2.5167317429486262,1.0045125412326736,1.0094945654559422,1.2538150076873797,31.49264449790357,1053.3912600391868,2.337252022507967,22.273703765406733,497.39568944956534,1.2556565173163947,36.45943463860058,1322.7815682187195,1.2583956649804435,5.01599796887201,25.18899836468144,1.2566041074298226,3.603036048913315,12.954819165398302,2.1271026764182843,19.14457085798516,367.02932619945835,1.263295925922347,43.27342529201193,1915.1763662239455,1.2675774385117535,28.930794156965263,806.2331927832804,2.147440918870586,16.49760011513675,274.1740171597258,2.298149149620205,4.610147939354142,21.40687022059757,2.7124882158631904,31.97023403551913,1172.1118281528454,2.236680552208802,16.85635221043092,419.9031083511095,1.5477051075073536,40.61190196267437,1661.78824463671,1.2597449303572044,17.35758160177214,299.281877107752,2.2497367384299998,4.936664969900178,24.465399114791758,1.2603676361218157,25.039159536396646,655.9648053823844,1.7794554518376187,20.49398309073502,423.7476896296768,2.016608116980125,60.188975359813874,3760.556186182523,2.0912372654419644,11.269289371627517,126.91587489686358,1.2534846591303794,4.585725107471977,21.124389100053758,1.6306485074467816,1.0,0.9999999999999998,1.0,1.0,happy
32.18136976213958,803.350229525985,1.8114452266002683,19.926696826518512,285.9921558098538,1.5259004383418007,26.115849195872528,678.3550030431558,1.2552331348763415,15.68123100783256,243.3371853931832,2.25386540784553,2.1272964567346824,6.331799940240344,1.377826814879399,20.49173793221914,432.9800689992524,1.2862648684638585,24.23295176454647,603.3431654350569,1.5091491106522525,45.51290003387185,2069.422700412958,1.2584367359198538,21.82131127139211,581.3790165166369,2.2013700697957064,3.0287854350890275,9.201205752162306,1.9679450884853995,36.81162669358927,1357.0153178576952,2.2828631122140637,18.50152737872115,338.1352372588527,2.1608922363845995,45.00540985325548,2029.4728955093515,1.2599135640406687,12.081009386917556,146.40515211220202,1.2601341464888165,4.339941385850641,18.82199013289453,1.2568558278768576,13.931298103364636,117.44517140329779,2.2459785716970098,15.453149147600394,236.71631459912064,1.2592909427159136,61.68623884926924,3772.328415759275,2.2585426710052685,16.14485996993547,261.8897479812931,2.3410878364088705,2.1585324015204663,4.653752446580144,1.2545494053832849,35.059952081561015,1379.607772316141,2.165321690825365,20.719024180767644,535.1526739882644,1.50653102174619,63.570248054124384,4165.770099472799,2.5580100024030705,4.377541914524749,19.102221527366844,1.2575092994492034,5.421995870977509,30.306401068700293,2.5170311875702445,26.24958299043364,910.0163885509428,1.5024981961958952,16.84094440386916,350.08509390255955,2.4879729319521777,45.92418171658383,3475.675568695683,1.7557452139749257,4.333844522073848,18.722243349042362,1.2539355970054855,5.759048099258717,32.66904299033094,2.246020184673047,35.03319030745974,1936.447560609334,1.9535381591849397,21.105997852047956,443.1384842665199,1.2580922856246664,60.598010696113846,3816.7257817498953,2.205805611134809,12.667937862866381,158.5912954228346,1.6396158327152601,5.277845169660529,27.87039854842578,2.332207648227444,28.963780080707078,722.442864638461,1.2665138648360585,22.392837259872998,825.9891601370855,1.5387179942224567,27.353050760705955,748.0644343552633,1.259788550277376,8.071720696047947,65.51894111407223,2.1462074874147943,5.508505859097411,30.457094996479675,1.944756525935727,15.456921411583183,237.1359539032498,1.2601356621054314,26.864290621072207,657.4277407976459,1.9199848622371096,23.245452367966625,541.3500220814706,1.2600806275124528,18.199271260139575,334.0023362724084,2.7714352633383004,4.1394800229803685,17.106081259608374,2.2991301997336913,18.863637537132252,149.3232111643123,1.636083791239604,16.72785296369958,270.2346098345687,2.597922542307532,30.425629445134266,888.320712079652,2.09614550880812,10.899798824247055,118.76687345959495,1.2558412881397036,4.145333658522581,17.22686280893672,1.259339343501885,11.023619974544868,125.27179235736563,1.2972678240211861,19.560141723412727,368.80735180434647,1.8978034922411366,33.42688205179612,1111.8936071815076,1.256799667774451,19.839805472127445,399.53007611797426,2.4007767339788937,2.6466005612226735,6.9918432021499095,1.2542400067367705,34.387422285075324,1214.136709969045,1.8096152124408151,24.953138196124407,703.0782223922931,1.6106215114686668,40.75514120701405,1268.1034748540644,2.0487404278281858,15.126416100496883,228.02789732088772,2.4850652588132838,4.712843808593925,22.236281270233484,1.2568765738851297,31.231016929712485,990.7206147513907,1.7917685043129878,16.71521630975434,280.9335455754579,2.2681503165663073,85.15492391645164,7419.012919071307,1.473654380203005,12.464383777941597,158.21604533144068,1.7451855694596716,5.727032347031021,32.57665654842995,1.7593959078768264,37.88796162069705,1514.1240258475602,2.358171311253922,32.43497871886901,1149.1670232824551,1.3574884169635606,54.52142731105786,3766.1853713602195,1.7509902061130884,10.196786102695764,104.91933631215801,2.670301084614805,4.849872435760655,23.60315192278942,2.7569331419304577,16.36950596142622,267.85034700220456,1.2579949625771567,20.60843812597641,418.2710934346011,1.2528709406731304,34.83108390156212,1212.4423774965283,1.261409687984345,6.277899346647027,40.1596086681382,2.22710305806796,4.681457784142368,21.803441476160906,1.5941340843488496,34.6765527816013,1394.1356512241932,2.3438056816632002,16.315438850814527,259.4149703324431,1.9843339035183054,39.215559944518745,1514.3332097511166,1.9365658862742783,11.601622193458686,138.51355236757033,2.520315871979981,1.0028671464566647,1.0077647601963309,1.2548991727409942,31.391897983566928,1082.361518480119,2.3437024244674807,22.30055892985519,493.37890668648714,1.2618860208527602,36.476658917657524,1332.1906669103391,1.2608421271028565,5.003909869341325,25.22440888367486,1.258836704126977,3.5958743619831237,12.963061008854034,2.12737687674066,19.142810680311964,368.52760452781627,1.2647461657944183,47.9300520715911,2388.060769716884,1.263348394664099,27.67604834577241,802.972653332937,2.132764712069315,16.52923836649917,273.06611039221997,2.300367703694202,4.616881046998816,21.464168074978303,2.7018235712366283,32.288077610020565,1157.4598862756663,2.15841156698608,17.974981321096895,301.6309482147377,1.6045652065227907,40.79726179534419,1660.637957171313,1.2593934414208257,17.281845550983807,298.7459102826561,2.2488388461792126,4.952324354753608,24.459527499508336,1.2587326696708743,22.47515848316551,495.9551659548108,1.8990265033302662,20.506599588062215,417.61711625597593,2.011422461711527,56.64027475821969,1919.9976362363611,1.69276304506919,11.267260798590977,127.07611258907113,1.2543609504534867,4.58313572239279,21.10247057813455,1.6276101186215612,0.9999999999999999,1.0,1.0,1.0,happy
32.40811800433269,769.1898185692797,1.8140700945186463,29.95424099997606,1031.3740943751839,1.320746068096494,26.13435569838389,678.6323478494388,1.2568255328832938,15.649440670035025,244.83548316211213,2.255327419190786,1.7891567885888144,2.0296937765133607,1.619947645965365,20.794298771600644,427.75015404744937,1.2599467297343974,25.68039875185451,697.1292874727422,1.4818781800901624,45.510500059103876,2070.596173085632,1.2588171672319388,20.341972677737452,401.0258440593996,2.400155361649692,3.0241533765721065,9.15446689681428,1.96907185728143,34.01177846217913,981.1396412597464,2.176054382656906,19.513499362528947,333.36503926644554,2.188487321131133,45.02764949140112,2024.70685994421,1.2589797979831368,12.083720506183603,146.52579410793518,1.258647699777367,4.338671904045313,18.83124965340252,1.2584213995497233,15.4540081291038,142.2052535205065,1.8496353402070378,15.42229680814352,236.76251018502938,1.2652907342658664,61.89351649176972,3772.3140677705674,2.256783352387228,16.223502424742396,286.38756534486924,2.3253399948412814,2.1600143526438815,4.662422048440465,1.2561884124958356,29.46111928839191,568.0718377043436,2.2462323113845355,22.693189298171088,613.7164972692113,1.4905166951614925,67.12815477443488,4163.6256490919795,2.568782500085598,4.377986059356073,19.234905534256065,1.261196727129645,5.5208067072022065,30.254161385623426,2.516975674516028,27.465843923104124,722.5516154410245,1.1733779973966112,18.096043910137695,350.37675795315107,2.5878846169763605,51.18326994133552,3079.5353540290803,1.8730755255674842,4.330760601410825,18.732017503386754,1.2540268785187676,5.66707189073914,32.63086676946109,2.245913188663963,38.5057175066874,818.0737207520311,2.5206341289322607,21.19157721192287,444.3941058734551,1.2584610384420216,57.46138063227312,4455.843918445461,2.0809880787148565,12.578078658917866,158.87188886975565,1.6455565734610744,5.370665171601603,28.05703231282396,2.3345828863039575,30.405572862725347,1083.4792256392059,1.3322289431452838,24.588620739394404,229.0663126536976,1.5038333823200483,27.34436692157251,748.6146945570993,1.2579447968528135,8.109133611185898,65.42536023742535,2.1426233102684433,5.523940280837234,30.41074294536927,1.9512896268768496,15.46633047131865,238.68046742890164,1.264668567552943,26.797376074503198,679.8303220320346,1.9405995577518003,23.237304734125157,539.9133281029705,1.2572133513525905,18.236771842315207,331.7085666245637,2.775393965056379,4.140929901696686,17.196892489529198,2.2953278367640353,16.494389434910147,452.72831597524083,1.635805451001674,16.476404356370548,270.37879492681145,2.6008938355954547,30.149266898799688,888.280553070512,2.102357799394239,10.873826491096487,118.82388749275795,1.25764140803787,4.143932913865387,17.188176770310225,1.2603007919921616,11.23346585548554,124.7138784105495,1.2618595530856753,19.690638099067503,368.59563099693565,1.9012250543647662,33.19639838363744,1109.5017528755523,1.2554777885542459,19.750676698171652,399.30995696857894,2.403548818586712,2.6506040164177493,7.032119899201757,1.2551159342991272,35.50147956679156,1255.8723722105674,1.7974241373658026,16.49024428083271,320.61936117052807,1.7296924375120266,42.27809656080154,1042.4755376097878,2.045204241272115,15.569607371793,228.4714804723321,2.4831452521903206,4.7145650863401105,22.185043407403143,1.2537832091756755,30.05561064835264,924.8518994060748,1.8415320827992423,16.61976297681471,279.73307496632924,2.2650342827046113,88.54202656408556,7676.356729005166,1.5145956563488334,12.827751754071251,158.37979608568125,1.741615127021785,5.7128677101918806,32.614754997004184,1.758659646604695,39.91505380985618,1123.550186169094,2.49803944588376,34.99742641716685,1441.87474598907,1.328511804954438,52.15163229419142,4217.444590248612,1.7079169948830755,10.097117525206897,105.23649948995212,2.6568380018670315,4.924463833830526,23.521741760085284,2.755182022253621,16.338781155742222,267.564341967668,1.2584668851473761,20.478423660535043,421.39726764912456,1.2741492717298872,34.85930510666821,1218.8558413136018,1.2603763973626254,6.428197826035274,40.28223085116529,2.233974107545551,4.6662697181365145,21.936805555160884,1.5898490077101524,34.651572291251426,1383.9799565017659,2.338437066269989,16.056632256523063,261.9912764225192,1.9900693860511247,39.364952204133324,1514.4016714239604,1.9326729505921065,11.633795468896412,137.28799004642576,2.519659252785067,1.0028347889615274,1.0097592791409746,1.2562311676095037,30.118247970872364,942.8038219477023,2.171009042340535,22.116090575928922,493.87657399043326,1.2621527200061897,36.274133166044756,1321.3172900828015,1.2587034470090028,5.013334042394374,25.069650230086552,1.2568488582924935,3.5952322161797294,12.933993911003828,2.1253021566605623,19.155366039878352,368.1967311104151,1.2637542497054421,48.60090125233677,2424.9255804989953,1.261904309707081,27.481863662203374,801.3707093571148,2.127837250933659,16.613581379583458,274.0642701043958,2.2999178866260257,4.729528500370848,21.495779652532068,2.6936826403864296,33.58500128277704,1199.2091370361406,2.3307223477466,18.679139790319635,234.88407242186267,1.5521716480808667,40.913666649976705,1659.662565652579,1.2580089365032683,17.30086636762423,298.6618087042281,2.2487451984224816,4.944718860748543,24.46551783481913,1.2577763473815462,19.13069322245999,373.27769631329926,1.98385882431917,20.54587306367428,418.097158680119,2.0076463288238204,67.68921576070775,3834.330490329913,2.119225014187919,11.285405853841645,127.45821765234018,1.2545409166900408,4.587706588175278,21.1012578214887,1.630240641558629,0.9999999999999999,1.0,1.0,1.0,happy
32.303173834355384,811.9705272417159,1.8246377879478817,27.7286691855063,852.9803569249877,1.3355784539987168,26.101349805242055,681.1356282254349,1.2604862716798626,15.576764763979675,244.72565202350333,2.2553837560689294,1.9532622864708742,3.912599601168929,1.4854781519437266,20.96474506199606,430.81412782817927,1.2629460903024783,22.35474554799324,504.7707731170959,1.5488330943819513,45.51810906914653,2073.4315063046474,1.258312503756623,19.960882329604054,320.7879143482674,2.4851693332963687,3.0312131434087908,9.181972512993763,1.9652914551230194,38.80743152856667,1543.352723888564,2.282204997419677,20.016660273893873,406.7723679138647,2.23836558621706,45.01281851001657,2024.1242428019928,1.258228589283184,12.108559818923787,146.86012083685108,1.2588985156601071,4.3416333767858895,18.81754285749976,1.2573862452881968,17.198813136540096,375.0823934393198,1.7657620274003796,15.362733391379798,236.7322829730797,1.268156838120977,61.93795694118086,3770.829661393474,2.2580637281900984,15.600624934388572,303.75816369572374,2.2893297266003336,2.1589935302370153,4.654121451016853,1.2542090626042963,37.29779179569093,1690.523603508194,2.1137864164384164,24.7360840758907,524.6585033422755,1.3705394571773233,65.02185959283597,4160.018664233128,2.563210330972944,4.374298560060788,19.140228093230668,1.2584707824643706,5.571909976036028,30.35980540169077,2.5160818885495413,26.241076978860786,917.3319141377469,1.5088007194824276,17.805746884055285,301.9782072641237,2.5376061572924375,55.19854365573817,1700.8244674155997,1.610639643380049,4.32091733879234,18.742409056031477,1.2555361337794664,5.733907711704056,32.7469577735914,2.2467777280240253,36.01403147482346,1689.1525621042467,2.221464631003003,21.14279692671485,445.63904789940483,1.2608970262514545,61.05938818524138,1940.6264786962738,2.33525447859811,12.574776238838323,158.78788544257202,1.6444568405097126,5.351425264721349,27.869501071221222,2.3374356353731995,25.899757890935874,604.6582480271153,1.25402738142574,22.249423703584203,869.559072201946,1.521426395018462,27.354437847306265,746.2015983667923,1.258738707703826,8.069458852975732,65.48498232940442,2.140984507895708,5.529466063866999,30.552530225444947,1.9504766880113618,15.44197913675908,238.3268654153526,1.2645782319969772,26.670247600732946,694.5133361029141,1.9469672788378654,23.264232946846068,539.99469653347,1.2594789333085155,18.216012603384176,332.10745413525717,2.7733975048819386,4.133296058030549,17.10871898875348,2.3061775175712036,18.30325256104362,297.4638965427072,1.8444103505849951,15.529748238425455,268.13441875655326,2.5940068890701995,28.64823038683847,881.8337782614104,2.0948973640525637,10.890656986164169,118.45699516347082,1.2567484742785175,4.151227098675184,17.18827024206024,1.2594324318701038,11.271183564690935,124.85695233397091,1.2716428036557843,18.857670210159377,368.4150805712648,1.874013846025892,33.3510036491835,1105.997168853438,1.2544633586141036,20.217743693940108,398.99932809075176,2.401458913253451,2.6472401953636573,6.989367814491174,1.2530631096648868,32.7573805796364,1022.2113200785325,1.8803657780726137,21.68276300822466,330.0665448070447,1.8073231245967982,40.4254785212546,1339.2208959229258,2.0357507396075727,14.87246587975526,227.68559478112573,2.484624476514143,4.715623804747351,22.18127158890002,1.2547411060840297,26.16169060462134,692.8118703919032,1.9521453868772327,16.905622690841128,279.1505006918857,2.251082620181592,86.57445707267763,7614.190704845681,1.472534506476829,12.5030240199444,158.39020640769573,1.7404378932825875,5.69828568506734,32.53699600199779,1.7556709779584678,46.57709158725968,2623.6520553766636,2.1017223001227165,22.08273330245844,322.1824277137124,1.6345660354018539,61.912737300597584,1904.4778906582364,1.6647929268085326,10.069186653117365,105.23561678758908,2.6459309849866846,4.861967424288989,23.491793664524426,2.75442010567433,16.32529625586675,269.8078167875751,1.259933032406496,20.42442096613362,421.462299343458,1.2639116115262135,34.81845412859883,1210.1739505768442,1.2573820499978703,6.517972905501237,40.17434074794504,2.2340128381813917,4.676286979871315,21.853532108023362,1.5917882308290883,36.53667747404328,1268.6846372969044,2.221394307532551,16.161504326002706,263.87669935820225,2.027353404144081,39.339817276488,1517.1157512649352,1.9357109022405727,11.725031031169141,137.90676402847086,2.5199999199495653,1.0032310201521648,1.0035673099178926,1.2524480617263671,30.6100053485159,1007.8744217805573,2.3047254480904162,22.283587709463127,492.1571564101037,1.2522694973149258,36.342382495107955,1318.9426694130827,1.2590713396611506,5.026190419933132,25.252608058712177,1.2580433111827667,3.6014524997443362,12.96023692264994,2.1283879877154694,19.15764154306154,368.6684691624349,1.2642554652478626,44.82200985403533,2029.9378437812447,1.2671340772050188,28.651191030069835,804.9708126637188,2.140842872723771,16.696741506128237,274.2776373260925,2.3001621886574117,4.6183289298021455,21.53283158989414,2.713059761491614,35.145263443845494,1252.5767622168241,2.3523196480570405,16.48659253506031,443.7757553626043,1.5346240784804923,40.742881685543296,1660.9245325626716,1.2601213997972196,17.397512198274654,298.17944175937606,2.2477188894070497,4.940358168722464,24.46851222146781,1.2583752735634426,18.262012067398192,317.2547119949879,2.0760226561233,20.547019812701645,410.1201365877295,1.9965939937778723,73.75589621633085,6329.419881031206,2.027873731707163,11.298663544726296,127.68912749648526,1.2529060196591923,4.577692519917031,20.98585062985545,1.6254080421544328,1.0,1.0,1.0,1.0,happy
31.959148899893872,909.6929281277603,1.8920409998522036,17.094837525113533,144.528678611443,1.563968058384205,26.05149137515009,680.1834913649276,1.2600072695400193,15.668604467455422,244.84927736340154,2.2553047372191277,2.0439626209261217,5.209586791437299,1.4172947110896597,20.66372404518512,431.87047638023034,1.2854571461119815,17.720069172267205,281.66438509450256,1.6514141982765698,45.513472894677825,2076.4544319242787,1.2595756733302643,22.20008671550214,627.8299416069669,2.153231960818682,3.021946633365686,9.140693212186843,1.9713811234566436,45.315960899919006,2203.45452413779,2.201214676741127,22.48724414225448,530.6703457919986,2.2432065171453686,44.980566887935765,2023.1087826845044,1.2580659046729001,12.1300939140091,146.4732578626525,1.2577466645775646,4.345464704820989,18.877555482771573,1.2574397718762,12.061528464886338,164.12302822814522,2.0615595869390666,15.322870439878935,235.79738231535964,1.2667313819579087,61.93525006253697,3786.0625502075113,2.2609093510385097,15.499765688268631,315.31727695601586,2.2721147783351703,2.1577494867602063,4.648032583127977,1.2527751894010652,32.75699258379277,1112.2853148703837,2.398466204284397,24.52688659061936,490.7717567823985,1.3607640767984202,61.42221609542237,4140.389077930953,2.549800726613911,4.376054274854905,19.098664599524255,1.257192004029214,5.427682994811296,30.250124169957417,2.516975416130581,27.140371036813598,757.0157573363679,1.308254309965081,17.54154091652518,258.2009919152961,2.2798784759045922,47.59314532245506,2057.154319428786,1.6697346960917812,4.327769535455253,18.71914729232036,1.2555253491892309,5.739404286300297,32.758764845956996,2.246854669664151,38.28065202351482,1554.7212208514832,2.334166762878733,21.019653369395954,444.8117877413273,1.261557119381834,54.49957996252929,4943.78310976329,1.926406883012282,12.676074185695338,159.2443533907235,1.6433382014305264,5.249907358389753,27.946003927559666,2.33749851575889,24.661403062221474,527.9756172620702,1.2522398558150767,24.47377507855462,268.2686898097957,1.7538669845017898,27.343705401866423,749.745967195287,1.2609473590819662,8.114806051410747,65.72105460506032,2.1461185146270254,5.530699031029908,30.396827332667176,1.9461760329755435,15.435206179763695,238.55752512759048,1.2651077935452366,26.795780596165372,717.3530040287457,1.9496277406977247,23.234592851200027,540.3168492845897,1.2560439107064045,18.306921133851862,333.13618061045065,2.7664777685575834,4.135062726082986,17.151985023287274,2.302338431425599,19.252401797064618,223.2085360474886,1.9674537635048481,15.576878846750814,266.51980739607103,2.6004714621590863,30.53212191542468,888.4744235675712,2.0934411676909863,10.913568754321787,118.89031665671989,1.2571620604909155,4.153652308705551,17.228981212324797,1.2593423986085217,11.038992275610765,125.15529676227173,1.298972172199491,18.6574889580886,367.4489260056994,1.8722543763925585,33.34784374442119,1111.3153611407029,1.261466383572808,19.98939980522965,399.3906872136436,2.4016782423413674,2.6452718074361767,6.974611466057406,1.2526865460384669,28.142893192225195,714.4321548852454,2.0136876289315313,25.749449616366256,667.2996065841828,1.5271106506566392,37.11383961110534,1841.0882100770543,1.9120994900794317,14.919472939817576,227.8526702085952,2.47634919761951,4.718682947219539,22.22392442564349,1.2561411183208644,21.305751031424865,421.7138680047155,2.1409570070735167,16.881650523154573,279.9404005708941,2.2661332678943267,85.68075073962271,7424.940155180044,1.4895994063802385,12.373658663778361,157.85407778540412,1.745455415581192,5.693105617422102,32.652704634499365,1.7598525108261591,37.886369992648596,1443.097559197368,2.235000434301289,22.190895375464393,358.71100959947915,1.5638360502494268,56.88382200245205,3224.5307773377676,1.8086311713777852,10.172691897316078,104.96088923943137,2.650718031274405,4.863360154897048,23.66964744639492,2.7547734951830716,16.299221713299463,269.2426774990265,1.2588227041347093,20.658837770381318,421.2910442913572,1.2582734913602318,34.8042723112521,1210.9649678061642,1.2588272503989675,6.485223997628366,40.08386766809638,2.2324308837180036,4.668397764071106,21.737163741183448,1.592776683589129,35.94236223484866,1342.5032872293539,2.307944656121942,16.430839622194632,265.92373662637107,2.064607506322781,39.178735979618814,1518.6486571571818,1.9364252266101523,11.8367255050326,137.2143900684169,2.5188768564223523,1.0027184777336213,1.0067159203756557,1.2542973926092194,31.4933130241383,1105.4422904899066,2.3469024683583224,22.21558863388754,494.0450038665883,1.2641037924352523,36.41968771160207,1321.4633081338081,1.2610793209799511,5.028362130139038,25.255279253487352,1.2556272833515618,3.5898107043630127,12.914124656930746,2.1243699351405665,19.163642764935272,368.64499212825257,1.2636655194527648,36.8748624295255,1348.4554420836375,1.2734313573064595,29.340153553072746,807.3795107954871,2.151575426485166,16.584029923182616,274.5861003164982,2.2995420488938167,4.560683576586262,21.565982885551925,2.68555816049497,36.57367708919884,1266.3453711234777,2.3725581092079784,18.57708933556189,222.8317631885309,1.5157998906652532,40.53293172686956,1651.2335491538386,1.25848782366306,17.36072534969159,298.3419425572501,2.2463650222546527,4.947227250526845,24.385901486655293,1.256629607760528,17.976607672560753,317.38728190020765,2.043617592289606,20.521773277517326,405.83130078522476,1.9924914620892105,64.0534335737577,5534.093582069657,2.051297431928322,11.298834995937039,127.87143216816332,1.2549360780466887,4.578129560276665,21.06538780491347,1.6234592350443569,1.0,1.0,0.9999999999999999,1.0,happy
30.63831789782986,1034.5140179081184,1.893625994491468,22.847578840164328,461.07254967248224,1.4236537167562557,25.991169493725355,680.4244899038159,1.2584039657997084,15.655412177389678,244.8490485061072,2.2549734322808357,1.7330882228349036,1.2494202845592206,1.5603976445684575,20.55411735805774,432.4345517777787,1.2830803817317455,18.616348028335338,318.546391906177,1.6358414484425954,45.541813150207496,2066.3312792434067,1.2579743555943266,19.21868281427575,223.212709058584,2.378777028967844,3.0260170046762034,9.167867293786571,1.9703049795488297,43.29560153039969,1940.9622970833827,2.224766338155883,26.40796060001601,661.6765503824188,2.192345880028188,44.95379260217139,2016.0931372331788,1.2574472773778653,12.12331501260426,146.12573817737476,1.2586042060751963,4.345717669170385,18.923994899184343,1.2591576594986982,13.847730199999035,199.18253353932087,2.0825881097951373,15.310340696880875,236.81571877398244,1.2664986394604765,61.8493286779849,3776.8855574837125,2.2587754995651395,15.938027328715238,315.48605815601303,2.2711065977872975,2.1582476300614992,4.661592835521922,1.2534394341442707,31.024888020092142,836.360976171112,2.4574529733284916,21.599987370564406,539.0130523611193,1.5030213416784854,64.79260235550544,4158.221651851432,2.5614361693227776,4.371694982686496,19.109127864121714,1.2581237564171721,5.519233371485802,30.34700725806346,2.5152117947746944,26.741437186809364,845.0324157040449,1.4506292372017637,18.36991776988548,275.6771352923918,2.4789301382241247,41.86750110733165,2042.018677137872,1.4140240082767173,4.3357776382013995,18.732628299470214,1.2545411007331932,5.663206290197057,32.637328351115464,2.245852862140303,39.564037454318964,1050.473876661823,2.576060971172194,20.974901634900938,443.32348100484637,1.2584123940105603,63.485238636581805,2847.447886440509,2.375010177189451,12.562582401595687,158.2371359865628,1.6436066195562569,5.209095296654795,27.993937184403187,2.3338580535970084,31.005771289668612,1120.1716048339167,1.3338363239680553,22.701864037310482,752.3321488645348,1.5712880190358876,27.34868325698904,746.9684344910052,1.258156458586934,8.066060693514908,65.34873490341464,2.145632575274931,5.5331804765285355,30.478963217362654,1.944715618039562,15.442155381922682,237.85185196415472,1.2638367997220306,26.479266958579476,737.4020771085156,1.9631068657944677,23.27277482694694,540.2497704915161,1.2584169884812904,18.292049829386528,333.1660986282502,2.7673895294605115,4.1392265551518195,17.163886864994605,2.3028099657557908,16.266195780741917,486.94505798775424,1.597221077998564,16.382536862272218,265.35795101853984,2.5951469257201802,30.259834553243646,884.5821402157885,2.10101027423548,10.89101866843728,118.48329644477957,1.2564100924203427,4.143128133085829,17.20884748759387,1.2603144251162641,11.150480326463919,125.14896758496641,1.2726483936781328,19.57094283951486,369.1000231143086,1.8948751538936706,33.244114570292304,1114.2700033398205,1.255538969981091,19.802376394256868,399.3138613570891,2.4000273158621424,2.647006587369558,7.034687302420464,1.2554984570922307,25.622092163005316,609.3548759705387,2.078219828671906,17.39134862320003,353.1071178817216,1.8024187031001278,35.81613847920446,2004.4999380730012,1.8712580907292122,14.853113513837133,227.1430745738957,2.4777570171586483,4.722854074563281,22.248243355405418,1.2559582055822838,17.08069820631426,259.45093006463935,2.27415313575383,16.58119734980314,279.50096016162513,2.273437490647895,84.76604225422199,7078.529400475199,1.5306717211260963,12.7939415429895,158.93272890131104,1.7415894983939668,5.688181367592156,32.48385831794694,1.7636874171439914,39.74148102905205,1071.6581788325398,2.4530060987869535,32.873411145298306,1269.2669963783865,1.3156984567078753,50.80854676245244,4523.578246018534,1.6742963685586576,10.353596035766651,105.02938202424929,2.659299281772044,4.854719561614008,23.5381631874568,2.7540458436044504,16.2949211930035,268.44168980174925,1.257789365284645,20.406171431794363,420.79347745000905,1.2754877889126466,34.827255657417275,1214.8403672830698,1.258405245520443,6.360730408821731,40.13093928811323,2.229232615454382,4.667322736588828,21.810143918518996,1.5909192572486153,34.957688911496604,1396.0826567900929,2.3412267678886955,16.257763777002232,267.66014844783876,2.0867429194073357,38.76041703775182,1512.316493594764,1.9297277295566162,11.891772515042602,138.2608886458698,2.5222951682895056,1.002858982347447,1.0050599555619009,1.252018946720138,30.998921089266968,976.4908074947327,2.2550026833363424,22.16190487124525,495.76009115659286,1.2595077259126555,36.30075923369933,1323.4115495650144,1.2583874650246143,5.01646071705222,25.233746045379394,1.2572619707927384,3.6001038664731735,12.954444244247302,2.1273343630386923,19.16869253117974,369.5972995524106,1.264850577356043,26.471468303091584,675.7588688109137,1.2908592618237804,28.517722079326663,799.5021515156676,2.140726388850323,16.571303529289654,273.82482329816725,2.293127863404556,4.628572253971923,21.493489743420813,2.715052395436954,34.93313769905263,1180.2498296308597,2.301168031153279,17.7871454271083,317.9208776566058,1.605170991008982,40.56583225966217,1652.815282859597,1.258570067670849,17.279943334832094,298.2492605395822,2.247116982758433,4.937140804274113,24.468858188592087,1.2578995693788348,20.1130600230862,388.7980178424797,1.9770021683254972,20.537134823270936,401.9751150745189,1.9817219505463655,50.3161901186295,2894.942947055404,1.8683938542615497,11.297426745563323,127.46662706131188,1.2539056592916393,4.585841556500192,21.106627247011552,1.6287139574330278,1.0,1.0,1.0,1.0,happy
30.24439372447952,1124.2887360324462,1.8609249796970397,30.624890410642088,1108.3259483629731,1.3122202789029562,26.02506762415164,677.9691659302025,1.2542966679565948,15.582981716695235,244.84059005934995,2.25637471420549,2.1282122973642514,6.303140752712805,1.3763467790048336,20.871263404190383,429.622854883186,1.257662980306525,23.49830696182962,568.0128294512981,1.5257996390000135,45.498530325734194,2074.8524361036602,1.2599198555922073,21.60532908974978,556.3612034654052,2.2284461919283216,3.0349030282962315,9.176229544937344,1.9665931669650292,35.14970606535758,1153.6444098284849,2.282160191218054,26.632629684245174,747.583768991151,2.137865440034515,45.02101645932482,2028.1128325647312,1.25904504142978,12.0656562093085,146.24307165377394,1.260928020250965,4.342583169161677,18.846800743458246,1.2580989606549207,17.649029472375844,328.8524123712452,1.5959207436425795,15.314268710100293,236.51475441019352,1.2634366414280398,61.71339757152885,3762.6411002963678,2.255031104045785,15.576482163733333,304.6737750759079,2.287288359670224,2.1595680342677834,4.665785544138264,1.2538250197265761,37.78377247504535,1795.4204330251723,2.0987113108827167,18.572098785441874,454.49591060703926,1.5378331390252695,67.2274772790363,4165.606884971893,2.5691746829807127,4.377176050990559,19.157395281314106,1.2585438463596945,5.575495787089029,30.318219297275487,2.5176201387924944,26.566338214525718,851.1967205479797,1.4559087833303177,18.301332182727112,323.638987820926,2.5944145321662897,45.31216190133256,1565.9237210205615,1.4602681299633842,4.325392551424811,18.753412908166222,1.2566082954911808,5.751213688790231,32.527943076082586,2.244780986571005,34.95661051414793,2060.2283165764356,2.1330688322811313,21.04546356235865,446.25850246679124,1.2595183630746012,62.264459967793364,3330.742651883939,2.288183826957358,12.554112004240105,158.2752629859793,1.64481304023015,5.290970621842399,27.867828708739744,2.3380840771166054,29.51776130061699,887.3629998286118,1.3296788971780726,23.625027310244896,443.864524992456,1.769764335007916,27.322006770727675,744.6314636216979,1.2598144864581082,8.095630752073056,65.48224984610158,2.146356113273037,5.530684016775664,30.631244576236266,1.9470265938093143,15.42463267132496,239.39548099434631,1.2669476997072242,26.687542239927293,754.6466439738276,1.9471194174761142,23.222733851403106,541.0403069976866,1.2588933914675895,18.173040191426534,332.41450981176627,2.773301432508091,4.132189654962878,17.149535390842573,2.3041467966529208,18.805162435075513,173.78969358030048,1.8596317616175775,16.813937443080093,266.50972079654775,2.583826799807709,28.648581807096452,881.5658054730548,2.093661268726912,10.872859500327749,118.60504950164768,1.256061119671104,4.140087038815858,17.175825080639534,1.2584508368246146,11.324694826753397,125.05667251846886,1.2596168315677843,19.65889645280576,369.39881635267074,1.899922628927866,33.441033587742325,1111.8444997389388,1.2563444506234607,20.189989365192243,399.7383556960628,2.403517306235419,2.644632398770541,6.992243524021853,1.2544708266435558,27.90153625310508,794.167729172082,2.0021396630968806,20.354843623777406,323.444134623449,1.9122611493557127,37.89064610215315,1655.3714836715606,1.9618738198123131,15.069009332386782,227.44982699064798,2.4809122889908948,4.723223911053246,22.32600457762734,1.256180198037117,17.37930143699572,290.51358356261886,2.27725343976722,16.82291080981444,279.53893645793744,2.2531705213200524,79.25126879786264,6426.15808839954,1.4976278306321833,12.655125998635636,158.7396570472583,1.744522877232452,5.683025701180757,32.65213690958265,1.761704238987098,45.34947952058473,2668.702258323995,2.1628148462841104,29.10228024198109,913.598704521087,1.3610302337125577,60.55876438897198,2210.6072364530773,1.8164306410084141,10.508980199644107,105.51792463916492,2.672906839909564,4.797816782777437,23.485417498276828,2.7545906863705265,16.33724983063584,270.1616249855772,1.2601588181842651,20.44188360817985,418.77012790777707,1.2589652028953382,34.809779477220765,1212.0476672979034,1.257260904669563,6.2373752336208295,40.10574178543851,2.2231050171347566,4.6659111158026425,21.785131073358762,1.5931474691207916,35.52954749026664,1297.0308843278008,2.2686969779440376,16.404739076373712,266.99994515246755,2.063385668674701,38.7562553914596,1518.1308904037028,1.9289456692991727,11.83421203851615,137.63976575775578,2.5187440289459158,1.0031775741848605,1.0056711665982114,1.253316854045058,29.472778445454086,966.0533217058829,2.2404710974882867,22.32333144908917,494.2780196040237,1.2591208491038912,36.36540863946832,1324.6876153808414,1.2586338140388205,5.010476396554069,25.14633753613404,1.2582153329215344,3.602237159857321,12.952879521415925,2.125737556003604,19.132237343926903,367.38261202542054,1.2634811183604266,17.11137299677732,250.71529311542025,1.2868086159837253,27.420919562528034,804.1834620564678,2.132324430994167,16.416562798402406,274.2219085026607,2.293798971975644,4.755870550440456,21.489644114841116,2.6929423705945243,32.36829107027245,1112.0553113536898,2.0856093941432485,16.79722895092119,411.651137559814,1.5589512170700222,40.76993764365796,1657.8558075235158,1.2594992242319292,17.32980424522916,297.7867282056031,2.2475672934017212,4.948258359153787,24.53686807329268,1.2592713749928974,22.80670259249472,517.449412464282,1.8635202052157898,20.551040730372755,397.7365249246341,1.9724521419059484,57.527479365663595,2365.0336104710864,1.7152354216038321,11.29734991795038,127.81361943266009,1.2554523555299546,4.586928604138417,21.075793557286683,1.6313433087403266,1.0,0.9999999999999998,1.0,0.9999999999999999,happy
30.407663243550196,1179.37223593486,1.8822720696426172,25.15190567373533,662.8127962248681,1.3798137739924132,26.132890328967765,682.7832969792184,1.255180951537113,15.669104553061612,244.44981093920495,2.2559193130506503,1.8003860468795918,2.1226012858163648,1.6127688332018177,20.9225543811352,430.6127643290573,1.2673128749389844,25.65482660345018,701.6754515514775,1.4806893499420337,45.529184671547405,2070.1810993677454,1.2589806859554002,20.60282083955555,433.83222641874,2.36069001725998,3.0268402386365465,9.19699514236261,1.9651954312492,36.08666580164164,1059.4034787717342,2.206989820567547,27.088049187384986,762.4485776690041,2.13345525963136,45.01866831134341,2023.1204392164354,1.2567141144442833,12.062880778016291,146.23712166614604,1.259277603444739,4.344982599115892,18.87299726765823,1.2586147616800993,14.038312930996502,83.719174633423,2.0835135276786483,15.357685221646816,235.85978710755515,1.2591689467746938,61.60075391874225,3805.1172403556984,2.2549082763883908,15.678554682035328,286.67797250603087,2.3152398482165317,2.1588115554952516,4.680203793963781,1.2548089564345337,30.054865372049196,733.1981992929364,2.4903739271269782,16.469223004620268,247.15355328130897,1.5681639733986126,63.77258817477963,4163.975881169853,2.55940827277744,4.3798536809167885,19.188621939907783,1.25787812594003,5.43854600613673,30.292505049526177,2.5156416818158993,27.30086177379212,751.2310048668155,1.296485978077323,16.42582714954649,343.7832866199698,2.4904884060921333,45.42463006891551,2909.8341074739947,1.7451587919723497,4.32139811636657,18.683833894635136,1.2544020574770154,5.701828265954027,32.53520502336537,2.2467545374778934,39.81706617124282,838.473706775707,2.4594079989898927,21.166698803303674,445.3579225311265,1.2592618479815743,54.88001333882219,4703.717305313238,1.9612912392331077,12.638774644286642,157.93076692406333,1.6397357300974273,5.361850247788277,27.821676310393933,2.336109942293856,22.41532951941171,373.0025297504915,1.2873239794555775,23.576420414010116,539.0798604582794,1.7008303000119966,27.288797510271944,747.8656906131806,1.2601473883729395,8.072645452584103,65.45845150011458,2.141248595885561,5.511302899136474,30.55116753510319,1.9479825263711172,15.395552887979226,236.58000700997547,1.2636819227846918,26.522153013889383,773.9707659809568,1.9640751850077038,23.249776282507938,539.43066292924,1.259388172897613,18.2538593310717,332.96737626082864,2.7757805064335903,4.135729511018488,17.183410287957358,2.301578561192725,17.260977703033614,366.0620337871662,1.7243924117333167,16.325043091695544,264.27369993363345,2.583855248199871,30.38248508681322,885.1441837101111,2.091260013799618,10.902888771058569,118.98294913590945,1.2571537427629875,4.143802794339538,17.184564422156644,1.2571284603109496,11.111225270251115,124.83987056339232,1.2945908497654353,18.884076910130855,369.4489067219243,1.8680131738430372,33.32002937518206,1113.5477941885338,1.2589218395378858,20.120431892864946,400.12466055626396,2.4031085221564656,2.6424689327458055,6.985637109774331,1.255146711352386,32.230856456371654,1117.1882122154643,1.8570304487187332,26.074034205017302,638.1074272994684,1.4522845750291025,41.2947376370121,1177.6144086308054,2.0555922385436878,15.515924437418372,228.4267759460644,2.480054780352134,4.723806708181958,22.310956454657823,1.2558801273121463,23.069248367210236,499.0480187964013,2.0467234284167115,17.011798518010487,278.7325239865243,2.2573735760769034,76.13519554243052,5759.9162667790815,1.557246161730558,12.366078657625177,158.0746219385884,1.7413041213583076,5.684686980333119,32.52874220836104,1.7610407027724722,37.15217900284668,1589.3826976896432,2.3805282035354445,17.557103471267475,134.86126462724823,1.4216112992564718,59.03791944812109,2666.4348508344915,1.8459162405408962,10.530093807686148,105.0606808337007,2.6721348128659193,4.817534013601523,23.5951182414779,2.7608768859007653,16.370911436317098,269.63483598678084,1.259348598782861,20.618271133790145,420.1798188690654,1.2624801988288432,34.813629679991,1215.003750845879,1.257931975404436,6.153727659597526,39.9755231596568,2.217710452977163,4.682006449129729,21.88755410460266,1.5906645899593679,36.04034750997274,1334.8739661847783,2.303449694547679,16.318608243941934,263.6473169020003,2.0221581204727213,38.751150108273976,1518.4386469218166,1.9296890380195921,11.707908456338707,137.8162138145372,2.515707455322341,1.0031827121980392,1.0078550634027983,1.2534262015465842,31.612923294948672,1102.2735061457356,2.3477362742506074,22.1370605762827,493.1944558899913,1.264901028248816,36.48375631165758,1323.453696368957,1.2584932963540405,5.0223582303279946,25.2590600818762,1.2568153061245275,3.6015713810781036,12.957409072136047,2.1267138581166223,19.13798232481444,367.24008469971204,1.26313457750527,15.387493762535678,194.637558717027,1.259960076722938,27.729228531365074,804.032790798364,2.135172340762637,16.485568192952215,274.1734296473814,2.2962431728999784,4.576756694440731,21.49087208469394,2.7048111269953345,33.72642478987717,1134.34466276459,2.1904566034002775,19.03967304874753,189.25792316469344,1.2544045417822935,40.81481554023533,1656.0740152444796,1.2591090854072855,17.38546965642078,297.3456792528363,2.2467042283401457,4.942000649585648,24.37222546547215,1.2568522931193458,25.9942429912645,682.4857624034094,1.7649182502816845,20.571015136272596,395.1861941529639,1.9613087324449203,73.0492239036426,4162.855735116876,1.9313071751547735,11.291179426812338,127.33780258891372,1.2535238530207684,4.59258142951467,21.180886078378798,1.630419544466424,1.0,1.0,1.0,1.0,happy
29.540805120183396,1152.6657209507516,1.8593532925431595,16.74098855416753,103.89335748738172,1.277303832378793,26.149943216732314,680.9938691564123,1.2565747757069592,15.7002278960544,244.5668613769676,2.255006920350339,1.9452448455683224,3.8044636800034506,1.4896479805911238,20.553558210563178,429.4917382093177,1.2847667069652653,23.100968456399865,545.2702068413616,1.5312671949913126,45.49440503683452,2077.858270888066,1.2603229627868213,19.66102735164889,291.21078266746343,2.495262188283199,3.0317309242192496,9.144278521680103,1.9698239545846115,41.48300206876375,1787.804257230443,2.252295451285321,27.34559957684555,702.5100809658935,2.1744841721582566,44.952851540840264,2013.7319664725137,1.2567312173716223,12.102178710986673,146.16106432720193,1.257669809144595,4.3445221253267725,18.826584254207827,1.257847174732723,14.309331717023888,223.84826539480682,2.057155120219113,15.414270463079045,235.96009085941205,1.25661743958982,61.52997008137675,3774.0870366760873,2.251405683917753,16.250535686979656,264.7828760346917,2.3468322764083784,2.1559894115973366,4.638733819220764,1.2510225637498125,33.5164094020417,1100.646623648755,2.303029917815085,13.252667252364052,108.80378126202973,1.5828299431270898,61.48676346134568,4157.866768714472,2.5521217634900304,4.376794532805567,19.139313107142126,1.2589230468583497,5.471368018443085,30.298478293588616,2.5192250364038387,26.154883150358916,918.8141731457905,1.5102922929274274,16.05628721774188,338.62226810419804,2.4135566857326967,48.80872546819943,3403.728677214131,1.8114156182479324,4.331334446697327,18.744176286227976,1.2553371944614207,5.6725541525249765,32.632743642874495,2.244564242290133,36.3380970508531,1642.7636972244102,2.15389963695213,21.21298899851323,445.57322550759767,1.2592339477730115,61.20441645547704,1866.6686430342206,2.3211086281643,12.536076992351154,157.878219285961,1.640643354958195,5.335322374405838,28.022369969334036,2.3354923554240257,29.665815948148055,794.6794322050669,1.3338674179953598,22.959545519259127,670.2597683915075,1.6152267384810894,27.326029247506895,745.2796124810297,1.2594683044635222,8.07852781134074,65.32629600739311,2.146481005538708,5.495116938879355,30.473775815682515,1.948687462062443,15.369801508176156,238.31205546456005,1.2679649926346925,26.35533139402897,785.4864736528893,1.9515990418979987,23.217063504124503,539.9024355020315,1.2581441817005021,18.235782478432224,333.91710150724487,2.7714310082791154,4.138273801843032,17.140059163787644,2.2998714074053654,17.145238659691138,398.8931231872916,1.6895118100495596,15.410730989526595,263.2964316072365,2.588008877501326,30.18184471504131,888.2025471254241,2.0942331816935593,10.919091757356506,118.49938015542294,1.2548874538401047,4.148867922373903,17.148936279910654,1.2570367227028771,11.065697350529675,125.6450666836694,1.2872195157292756,18.720632873894335,367.76920771174326,1.875730415384853,33.29932518233424,1109.3235382179796,1.2529934473273454,19.663755087769946,400.49145082894506,2.4039514049684763,2.6423531044239996,6.987645284484932,1.255037030317382,34.61289878466869,1280.9706054648527,1.7956439704321676,18.29570543298148,365.6804906355756,1.8627185758298936,42.241396276018264,1072.6788345008788,2.050130514362239,14.807456959181328,227.331120952245,2.4840749785208525,4.717643766956306,22.24603778433275,1.2553151052294806,27.418790813191077,771.7242636627991,1.9122925826881865,16.63647894467519,279.0773109791438,2.2743433866858767,70.70696056744032,4981.477852675639,1.6045193759483876,12.720200430498084,159.13393682970386,1.7433279010029707,5.698835537663329,32.4774610266289,1.7627146886208818,39.56461496268126,1070.262313293061,2.46933369037781,24.073622048529028,548.1674930175164,1.395773361733775,50.34202174644903,4614.925197992271,1.6631468871771715,10.424873770271924,104.8436204424202,2.656741049892016,4.852657447284068,23.678158591490575,2.7590741388855995,16.388369425585722,268.71734384032874,1.2583817449724897,20.3892927446144,421.4391820684476,1.275988129726372,34.801667320795055,1208.2928121943194,1.255128357241552,6.173766871520583,40.105812159287154,2.2209607073984374,4.669564725560552,21.836717556474095,1.590647670892182,34.96988091499708,1377.0571779733505,2.3402071819063375,16.00969287924171,260.3662681250776,1.982476073282177,38.33897455333056,1517.1338462873423,1.9329667090356177,11.589849475937068,137.6971004923194,2.5235212729670717,1.004543466063529,1.0056631811598296,1.2527075536520043,31.451491441310196,1015.2146686944056,2.3139541956334435,22.190468920098933,493.11719954618053,1.2530343865528975,36.343157289010435,1320.5931163215541,1.257531500566315,5.024726832682044,25.162335583464134,1.2560129079559303,3.6035306963282308,12.971559047006163,2.126788765157318,19.170566036136936,368.78472856906296,1.263182797917045,21.251186607236765,431.2510076391438,1.2904255195098102,28.971820983411114,802.3698734444635,2.1481381534087847,16.517939336913194,274.1189132294595,2.295569181525046,4.577612857714696,21.45242531702671,2.7068648136264275,35.331552008924966,1212.5488908871812,2.31808892579489,17.098291299005016,399.63131524900894,1.5619553954951961,40.670865837761994,1655.7874205961962,1.259110785544761,17.346337842540144,300.1821481301797,2.248262171355967,4.942942143871476,24.449856366412792,1.2568016209772903,29.663502017693588,875.3479033572019,1.691101703117356,20.56461159890047,390.007106093499,1.951261664650838,73.22327249357461,4965.114878453977,1.9938784493947037,11.280365136767948,127.00911817890032,1.254017352235097,4.596688065888891,21.08686908706878,1.6340170583807447,0.9999999999999999,1.0,0.9999999999999999,1.0,happy
30.472695017904428,1063.3315200128648,1.8885452244360874,25.350432061220545,657.9538853657846,1.3805340180057728,26.131149327485883,678.7194500784452,1.2560044079162307,15.601304410542326,244.7382701759769,2.2542141217271943,2.0492600867614112,5.299335381594141,1.4139585930797367,20.53403571363594,428.98469886235,1.2757993181091538,18.559677106677327,305.3590661669298,1.6461724187668538,45.49411708789058,2063.3336374867567,1.2581899928426106,22.239505375668287,638.494117362941,2.145692120778022,3.019229023988088,9.157520703719609,1.9689747675179419,45.52867428403218,2229.4001924535414,2.1848472180838923,23.383419673572284,575.0861013010875,2.2223456621638835,44.941078036669694,2023.2602424598829,1.2592847437987789,12.124195981298406,146.6010760935677,1.2591908911610745,4.342798839813691,18.89143740396821,1.258287939265287,16.84808709321906,435.81268524520016,1.8128505117395473,15.437670242212558,236.5352996419578,1.2589711552658964,61.4971767531889,3775.292177065777,2.252007844247933,16.33953035000912,239.6984150239291,2.3315357469236564,2.153119462984979,4.6508240228596245,1.2550035766937775,35.5516595481392,1539.1671928292028,2.0830167795639074,9.177976403538752,69.95779996533699,1.9859640336365907,65.96267160184304,4155.158241031622,2.563559938720278,4.375908437641127,19.183153647805103,1.2592481459676028,5.599191797368963,30.28005569165189,2.5155733599875236,27.45372255641794,723.3056881174724,1.1786459057804186,17.966977262730914,322.6703633104715,2.5790497818675235,55.77286186030091,1989.0646598220014,1.8415522280969037,4.33386488679162,18.775418904373655,1.2578479640173261,5.761003602610178,32.58287837575374,2.2457542643099098,35.53155442854946,1397.170841077911,2.1334905716764925,21.118063053898425,443.9664589997923,1.2584675170512112,56.59678916925597,4817.866405984188,2.023303271995311,12.568206004666187,158.76924339852536,1.6450738937991594,5.229287143262256,27.927283205403224,2.333174944749662,32.57228739569677,1309.3765603635286,1.3410632963321478,24.075953423353514,328.6079138791633,1.8167296055858588,27.28605369278387,745.5968794904152,1.2609009459956324,8.082833341193759,65.22265342879673,2.144513957724202,5.510478390296816,30.21448103887499,1.9450614112122824,15.374676606932661,237.6286209793241,1.2675450848902525,26.69672247494206,805.5301475437681,1.9529492366278753,23.26206733954533,540.8731745596858,1.258108549203706,18.368197378337413,332.5033191990393,2.7636154546210543,4.144145781307781,17.21902293056287,2.3079988431820944,19.61577833249702,159.78203894912895,1.8692737266583264,15.592633117409825,262.32028060812905,2.587371327402048,28.64903618093623,882.5826485237234,2.098799501124331,10.901113846889567,118.71580999396348,1.2559229303767487,4.152850441629653,17.221205876325456,1.259798673651396,11.319216458614713,124.90945332527613,1.2517298460259803,19.558605838378835,368.38572055592016,1.893361957590439,33.44169145668449,1112.3599811375404,1.2589655698462578,20.05557393388778,399.83245221060974,2.40237646126258,2.6431969490271303,7.00143099384664,1.2548156775132233,33.482644983773724,1153.1813428548096,1.841899814757527,18.939805155715135,327.3610675756684,1.910768253035173,39.93576148761544,1459.7731710179341,2.015913884962906,15.088211586014591,227.03696283154738,2.4847621859837923,4.711039398574748,22.25436739807286,1.254855212549462,30.380398909775465,967.8781084355021,1.818382387902728,16.66091960273281,278.7967285084307,2.258081716939504,62.85924174995879,4068.850870993164,1.602474159694486,12.756493192828222,158.8792160933437,1.7440047859050414,5.7105291630938595,32.5583664594017,1.7591011684265658,46.36779710018559,2581.896093591026,2.0757774328575866,31.145540134472206,1128.9125481642473,1.3070028408219236,58.59759108741426,2684.8367503978043,1.852123753433111,10.258500216557382,105.13127442328911,2.645770823170399,4.8388807302393735,23.66194604753757,2.7571987747630033,16.43294837655344,268.5456869699719,1.257565924291753,20.581694498379978,422.703618320482,1.2559224239196873,34.81178302302428,1214.349654380422,1.258699941609515,6.323612437341975,40.167999004550865,2.225830462328791,4.6761008401586786,21.85081537245326,1.5906613157166145,36.13961195000559,1330.8650698982076,2.2976808378561366,16.241637208453277,260.5393711345175,1.990315383780815,38.55567200573995,1512.479373338485,1.926064384785333,11.595374276353224,137.80231348568006,2.5181405477781653,1.0038442228170927,1.0076145454419208,1.253540900439441,28.578072405883024,938.3650227983456,2.155561058514026,22.323386327032463,494.3914821336802,1.2620354857810003,36.298551602258236,1323.8978889846246,1.2591055170822312,5.022607219503096,25.15653319195111,1.2551688693424936,3.6007034912560183,12.987453639028914,2.125055428319973,19.16534750549662,369.4927879740823,1.2646016185193214,27.1647910799923,751.3730180569152,1.276292741458853,29.23420549798998,805.1503251455474,2.1526251602942073,16.590570901093823,274.67215439668837,2.302513922077815,4.676773194755294,21.537969804398017,2.6857787777487174,36.59347916328914,1259.9127798333886,2.3578314506240527,17.696500421145352,331.1523856084373,1.5974871689312458,40.54960556471722,1656.24637882468,1.2591382449768367,17.296613514908987,299.8175041679762,2.247832752535896,4.952112985230798,24.495168861956817,1.2578685276158665,32.65238246202724,1060.8307419057276,1.6358291004503451,20.54956972045859,385.1869539087024,1.9390569704044358,56.53602035956071,3528.649359328265,2.040254133321795,11.297690644070169,127.7012012635939,1.255434873248067,4.5921213888801535,21.117163154401936,1.624508438326429,1.0,1.0,0.9999999999999999,1.0,happy
31.53573581914841,949.1412713880404,1.900544332632924,30.696146555463223,1109.1644887399334,1.314260956256608,26.07120737246149,682.4210022477857,1.2592928409198436,15.653329574244042,244.83718244070218,2.255849356921637,1.7257858141548617,1.2036945209974232,1.5450876758511152,20.927561633690523,431.08756157176884,1.2548130470438326,18.254776673469152,293.1280239942181,1.6490054565823333,45.43935977002807,2070.516612145571,1.2587429583829348,19.308675076530488,231.97033019897268,2.4249478748929536,3.0235238739051784,9.133925036616597,1.9690824403759866,40.71442172249229,1698.909109174437,2.2732068109092705,20.723391901062094,444.75436206135004,2.248594754603428,44.98599319241199,2021.5271053513422,1.2562282102361795,12.12784125041509,146.64317782974953,1.2586682359567944,4.345854948965427,18.852737032011646,1.2571145962950192,13.72398930939924,131.20199559244423,2.2262354506749245,15.427356438717242,235.57201711079819,1.2605969944466762,61.2279126439628,3784.2791175561633,2.2528484867334213,16.38001218222124,220.25937199547795,2.2527190052830717,2.150907808722576,4.636673795871941,1.2550902790479928,29.308922132245723,447.9491913638701,2.111739936425521,7.565173954463722,48.66611786229894,2.0722637546727327,66.89970739857225,4168.564178813116,2.569441504013711,4.378995035015673,19.10444486662371,1.2564208531523855,5.451783692563941,30.314716836165648,2.515221354836104,26.34961870442935,905.8309982845221,1.5029472427799473,18.591940739252344,282.15776543680926,2.529358508415286,51.936495118350436,1916.3696781738715,1.7380307258953427,4.3295471319391625,18.74547159213951,1.254375711538374,5.67479518518301,32.7012508265132,2.2452036571866394,37.50615771612758,876.6387987522189,2.268273641281814,20.985389467930286,442.3938799975981,1.2572227669688623,61.67925017030101,3282.9890919381346,2.2972332133515527,12.641970686422614,158.18885939173651,1.643169278086204,5.21869152388432,27.91241840316082,2.3358141879577876,23.46395648486723,431.668948977025,1.2945918497410989,22.352437420474388,838.373291457326,1.535213568340897,27.338404416878266,747.1824114006004,1.2581222438244002,8.06881626147545,65.38506059516575,2.144230385846378,5.528057787694538,30.483446072186123,1.9486106505293357,15.372388071541984,237.7497015950671,1.2666211346086718,26.231217247760192,820.7726324943184,1.962098396142956,23.194683513000278,537.4272693632885,1.256578737573027,18.25531323497743,333.6105288365087,2.7665112004824626,4.138528854271111,17.154175562081804,2.301840360724998,16.52467414506752,475.9990981114403,1.6069692417503685,16.564482369220947,263.5510089044715,2.5890071443652003,30.321397548486434,890.4913720914277,2.1013126100783937,10.872900610188697,118.5954084094048,1.2563341343472478,4.149946290656188,17.224015331384805,1.2599317074558531,11.22749765461505,125.55058361226989,1.2846392890764964,19.61964926023774,371.3245188535515,1.899689920269098,33.22643224803699,1112.421035283319,1.259788361257272,20.37460728439153,399.5268580332627,2.4022168813144043,2.6406330294925167,6.992503561157389,1.2551986776239816,29.81535613773327,839.0873964026108,1.9799496958630212,26.262053990187564,624.7587076630082,1.4098123949749746,36.53496188921248,1931.7415916103143,1.8944312576574651,15.53846824773089,228.67370524754912,2.4931819329007583,4.715683471894782,22.233823198244895,1.2541696591452887,31.26552683501917,974.987744349291,1.7895041736912278,17.03341154382687,280.86145005173285,2.2535687063028442,57.83512455074256,3234.441381255481,1.7220572869093524,12.388979570186809,158.7787692537193,1.7441667556232971,5.718778441207421,32.457526049630815,1.7562052022391907,38.39503072191019,1538.6678145916148,2.320234932939464,25.086096418268493,644.8189156042355,1.3693393933786828,60.892693513110935,2196.6665044146216,1.8096917202711988,10.11791106820598,104.92334786999024,2.6370485269662423,4.911792519849725,23.569265366898513,2.75692735811129,16.482113442108464,268.5807733391555,1.2586012098586135,20.622356033990297,422.5804173820691,1.2669426694507382,34.80895027896825,1212.2876793242287,1.257335771725669,6.461524977269205,40.38022290518252,2.233590180429073,4.677239084871544,21.994924014027582,1.5937885979956852,35.839639166285714,1276.8596265241397,2.2293454800526202,16.012593546025105,262.63426616322425,2.006026097275212,39.04230254397792,1514.6893394389194,1.9330994807783897,11.70348003918191,137.82767614742872,2.520859398082776,1.0032980020167366,1.0062602408934094,1.2534565952686407,31.81764276800732,1082.407022928149,2.346016578688835,22.13043784282341,494.4085198796119,1.2635580884273359,36.493140220770826,1325.1292103833448,1.2597846412474634,5.016844025818804,25.192234380846426,1.2559700985581341,3.5988809404934163,12.949442352323974,2.1270243905356203,19.164548734736492,367.8842479705845,1.2618122740581665,29.804335268120635,935.407211673672,1.2701785515077368,28.104307766314296,802.2137509965374,2.1361746765842065,16.72124875156369,274.0999072865916,2.3008761559010016,4.583617975811932,21.414123797489655,2.7184484195441283,35.30816700743034,1236.8317399116418,2.3723734328614245,18.83613945392923,215.57723695399991,1.4851526165285913,40.650794161125894,1656.0977153939982,1.2595452078861868,17.322871243157078,297.79633178709355,2.2442076564206963,4.941114945592144,24.455940513549127,1.2579309671540368,35.253544968760416,1237.9460780680643,1.5943672518087022,20.548507988635908,382.30468621289435,1.92699256998942,46.28234008754409,2584.1558661714257,1.650451875332068,11.302955060215405,127.83220634479979,1.255419785963565,4.593769086336031,21.0607797796593,1.6298114617289667,1.0,1.0,1.0,1.0,happy
31.876861042879394,839.196545304521,1.8376766920441268,22.746353604833303,467.33586687684,1.4198233694522113,26.033937464215995,680.4053385822289,1.258214789280514,15.715155911720203,244.26875525908912,2.2553688101329916,2.1223758182268253,6.269395122312155,1.3807158585488282,20.907065164511653,430.40919936166154,1.2702302568740556,22.663585131877152,527.5187255540702,1.5411276878376012,45.541789322500485,2063.8104834037445,1.2570908488619918,21.425424014249952,530.5422464470705,2.2601922818087994,3.0315177665877067,9.151327010322673,1.96539806002553,33.06166910280882,1025.8110805152162,2.22064376767669,19.800666914973455,352.6080176553726,2.2240835695130636,44.97784086005133,2013.2317277222774,1.2531493493061308,12.087687730098711,146.17515028241107,1.2580442295672667,4.350277730946044,18.9632192137655,1.2598324230848512,15.587838110366972,147.90066561931675,1.745203839550667,15.396204546893978,236.14059283428048,1.265121049787031,60.75947513775697,3769.4813065314183,2.2496538509804886,16.660008812826938,208.2214534809937,2.125751098406288,2.1536604082258792,4.644702040444598,1.2544021301737502,34.59259202426311,1355.2351803340275,2.054948912327966,9.052661640377412,87.87591296764121,1.9294338077760604,62.43949436410091,4130.981237979445,2.5530307996377544,4.376579003131158,19.180993046720616,1.2595129830251628,5.472936776934414,30.425607258312407,2.5138297008851236,27.009784994638892,779.1419567906938,1.3581819591621764,17.610797675717986,258.56171549036105,2.3391898033090404,42.81542100088438,2352.4634165228804,1.5585290207210365,4.3272373365144565,18.76311160830591,1.2536768006545078,5.7086274817887785,32.59442078740285,2.244829089489601,35.017931596305004,1938.6396832614566,1.9997123035371824,20.96981650650222,443.8224441628097,1.2584167356901406,60.92072356837483,2759.18901213899,2.308753625540385,12.52732947960187,157.94256998245075,1.6464326460598906,5.302316155028816,27.95668767862699,2.332882042528107,23.512147194040683,405.8617521907922,1.2981812774161345,24.589873970921698,226.29974365013322,1.4583422728449786,27.3362168516138,747.1042484885,1.2601708951129618,8.10673517035344,65.26557556672387,2.1429986663749188,5.530351747395412,30.427235030593646,1.95009015089557,15.376670190061088,237.3403011913459,1.2653941786109686,26.52446436636159,822.913617767248,1.937872936997536,23.274676432419007,540.1464558811774,1.2596074894332019,18.184741766671763,332.01729017400186,2.7735482075328743,4.135059917028439,17.173647915248008,2.30063273338582,18.34443067678609,254.39365937356246,1.8968960559425578,16.59101950548753,262.4072145359352,2.5818405833792664,29.996229940615798,881.2771688399324,2.096120126079143,10.88587570705211,119.02811924060987,1.259439280958218,4.148015781535546,17.172112737264328,1.258163900081028,11.03433370234562,125.60735842981019,1.2969726186789041,18.89517444774331,367.6171033073568,1.8669914431447292,33.316175219758605,1108.6757900755542,1.254588751706251,19.735171294772027,400.9062428761589,2.3994732457187204,2.6384107621317336,6.966816048140368,1.2548080848770917,26.867948954636447,618.3972057180739,2.080630664414432,19.803579743035574,367.7091265776689,1.8881876986908774,35.75683325682944,1972.6551763317068,1.8800665646577222,14.903100492931172,227.42369424843199,2.486634362944193,4.715112242398258,22.315462164877385,1.2555430443590985,27.54038128214441,794.1861767062924,1.9185058500800802,16.81982936208207,279.81659597529836,2.2728037302476167,48.7144549941267,2410.883267971124,1.8114951844774405,12.621543528862361,158.56395700388467,1.743538184313605,5.729729600806596,32.60532898815972,1.7593984133649285,39.55739751493006,1067.0884425205702,2.4801240719929827,16.921027399927326,127.23792072131512,1.2528850249646521,51.08630506357528,4522.10947900601,1.6720097229389994,10.088474724498287,105.05815825874352,2.644878495082478,4.897100649761815,23.619218455811538,2.756758409388417,16.51196594937886,269.35858187262966,1.259000735924874,20.378612515204974,421.13827364883605,1.2716832089825447,34.81441797714957,1209.3898592844664,1.2555952481419101,6.5175390069759755,40.18806621993094,2.234912468123008,4.6800668565602646,21.768880731549167,1.590938233931469,34.88616133366564,1423.049279193566,2.347755112265093,16.374174835111063,265.3149598606306,2.072829671302391,39.119888856785266,1520.0808243281595,1.9360804169311647,11.851207874601938,138.55192302408594,2.5248045725262,1.0034748321867952,1.0089312960368695,1.2539976054132074,31.723347204558703,1062.6412457519996,2.3409147814232325,22.244343448404123,493.56562963161304,1.2546334326329251,36.40767405140115,1320.3947006318758,1.2584884687817355,5.013929075403389,25.22476644349718,1.2568749700686739,3.602710964180563,12.98134831941471,2.12579049822248,19.14237544232979,367.6198422259557,1.2619431746588126,28.572728994568166,858.3677076936121,1.2747129756815252,27.345153741975462,800.6533367916144,2.1268059187349335,16.62800352025901,274.05847183239837,2.3013992220860198,4.767656368947793,21.40200489223283,2.685255076509571,32.04778397057823,1164.3352121053942,2.220397419167203,16.498806561710065,443.27485056764743,1.5351120490663712,40.84720369327631,1660.3669185524268,1.260078811299438,17.314989275829227,297.17379229388905,2.2468691395545104,4.949086885279534,24.457969343839242,1.2572609200814373,37.32489963508596,1355.2805269310604,1.570563922947054,20.55198350975175,377.6807734524106,1.9105616402213548,61.88037747461114,3768.384098316146,2.0415241882993858,11.302804216358123,127.84934692485237,1.2554876041097554,4.595699750491043,21.109857764371075,1.6274121476982983,1.0,1.0,1.0,1.0,happy
32.40929031857308,774.6646228567828,1.8161951361751203,17.176786365284855,141.37061790224328,1.5556601282997788,26.01531555596729,679.9700162686546,1.2544220521644311,15.579667543961133,245.7188413549591,2.2579720912558083,1.8073813376452281,2.204898738385566,1.6082424819730154,20.55221251826301,431.7677473926753,1.2857564770390426,25.599278329879823,695.6775602570162,1.4797985186045928,45.51847984977938,2078.118468815105,1.2585978866831191,20.89742481889536,466.99897023689556,2.325244296840749,3.0237771848875536,9.191577950512793,1.966722299193437,36.99159386105182,1236.13765946437,2.2928714481016175,18.18309421671691,326.45504764326006,2.12605744540164,45.01250405212772,2019.2301862598993,1.2551890453773706,12.066968680226914,146.45464752874503,1.2594395090961006,4.352331374676959,18.913313771548296,1.2583595244983659,17.434839597158927,337.7616884457994,1.6619990038058465,15.343952082887787,236.9437523462762,1.2673442009495914,60.59365624382019,3768.282482011505,2.2452187067367957,16.65305597180128,205.4406585920684,2.065989695149573,2.158232075912352,4.660202744427284,1.2534511514379456,33.305708465808536,1152.7598703938718,2.126949861676906,12.008673659248947,207.06693470059142,1.7106693440601217,62.05074540143027,4145.429009909047,2.5542375136605058,4.368905683358241,19.081817425757336,1.2591420835428453,5.592827474104394,30.451228283364934,2.518467586005098,26.923916886437443,819.3316599689335,1.4203153813051859,17.604492460936015,291.09287752644167,2.4517866781042614,43.45401169895996,1618.0157201944685,1.3327899477417178,4.334346576464166,18.789658373408567,1.2562077030808556,5.764335299819674,32.74545714626169,2.246014227143749,39.18363684278919,828.4905761713669,2.516782352760128,21.064120428292522,446.10329126742215,1.2601835771580594,54.31431742616694,4906.755362199374,1.8995144269286186,12.5694998441115,158.32132458521045,1.6466258017465882,5.347417787041611,28.01596467525507,2.340299888703319,32.94975858347243,1354.2770464191046,1.3436503609060144,22.29267731424307,865.7168183082983,1.523025433759305,27.33443940470587,748.3775712665474,1.259733203341451,8.07211928630122,65.53311306686844,2.1414969063473523,5.524506074451185,30.492801628617052,1.946384416932637,15.387960112414207,238.54923990616766,1.2673189482096332,26.331751157853297,828.1976747446782,1.9604924941596416,23.230914265779695,541.1571923660748,1.2579339107372471,18.249074139450688,332.84086444969455,2.775872408885548,4.1520496421104145,17.20984423353432,2.3047186537549904,18.27402678954361,260.56800913947126,1.847537741943483,15.806763392999901,260.02949297637855,2.5769731569048107,28.664265861636775,883.1439619232619,2.0957319037041793,10.923305397891363,118.76560290112586,1.256787736516435,4.148113805244668,17.2883976406984,1.2609499399632638,11.233406459432203,124.47600687636874,1.2610104801016384,18.79674060074009,369.8699606661874,1.8775263287739332,33.4018725411578,1108.7399875844173,1.2592202295391326,19.725310913737133,399.6707917737966,2.4007299504986683,2.643822646610098,6.997653609563583,1.2546637489821602,27.87421511692017,678.6828154075207,2.052003526235098,17.680512692886506,327.7676950961135,1.8483347422345984,38.83302657858547,1540.431442051773,1.9914105796812964,14.936370918201035,227.82505170865298,2.478734977663403,4.713047298084721,22.233972330789456,1.255714050127511,23.057124101260474,519.9200544931911,2.046512551726949,16.60422142109188,280.1174639787003,2.265309873653201,39.994926996253525,1635.605245364208,1.9114001503636688,12.794028380491698,158.1340952767882,1.738713897230315,5.731989418635094,32.56051284394394,1.7573696319016252,46.12915240203413,2621.306665308897,2.1174144725449136,26.49138795069207,689.5110330178974,1.3588962522682129,56.32930720298895,3240.238995077457,1.8119043029280246,10.165319690699764,105.28189090209487,2.66573822258278,4.8634161519073045,23.598394593863556,2.754208312162383,16.52505378521389,269.73201299209575,1.2597082689265753,20.60336185159303,420.859802295803,1.2525317114154304,34.83354246848947,1217.588032589011,1.2590599465510128,6.475480845833574,40.268160929105214,2.2329555853277303,4.657942356143281,21.853220601220087,1.5955301541778015,35.155843771285916,1353.240738203315,2.321648530058432,16.3365915880502,267.5278780593963,2.0824201045717934,39.28907537407746,1513.627740138818,1.9382753484339255,11.883473235103148,137.65452667820452,2.519167992235201,1.003169199232699,1.005154323086195,1.2522829769418877,28.493873191626246,932.1497663609792,2.1215715111857167,22.262831730610163,493.7084744927223,1.2628579474532329,36.26301261340358,1323.15235929442,1.2602551206893926,5.022304001608088,25.192723832805438,1.255450892682698,3.590949188723131,12.955110745744227,2.125331857595675,19.15110988338932,367.1476217396132,1.2618970627997514,23.565013132983307,560.6068921218953,1.2955733993292369,28.12644038457473,802.6031768464495,2.133630482348467,16.668516189730642,275.124815923937,2.297005369366899,4.542915205083383,21.543416598386386,2.711078557438528,32.54273859752657,1130.9291652186312,2.1107811315689036,18.360305033137205,246.20865768518158,1.5739357583892817,40.83640163851001,1653.6846834001738,1.2596419080398196,17.220042441397712,298.0011093736405,2.247153376074087,4.93967925847248,24.37402284402151,1.2571997448500303,37.57458563938934,1426.1078269979569,1.561132936721986,20.56153395803693,374.8711214239517,1.8933408210986427,75.21450473201449,4850.326074652533,1.9373120662008703,11.30419240267284,127.6517243755904,1.2553414318271816,4.597912964157605,21.027357266948158,1.6317956234962807,1.0,1.0,0.9999999999999999,1.0,happy
32.4576989268644,783.8413931147043,1.7984221055524572,27.926779954422265,848.7013048853519,1.3400334455431688,26.037963409450047,678.548013804092,1.2557275153499963,15.578867307940602,244.23414178971333,2.255533597124816,1.939849467837549,3.6948964723142015,1.4963212660711986,20.64075862988262,431.1592011553969,1.270609159015092,23.77044692155665,587.2500780747648,1.5186901913188204,45.64103992024159,2080.5726386370247,1.2589554641309446,19.475023404892788,268.87401004358065,2.485433478306988,3.0351225888774884,9.186498413289232,1.9648251219724802,43.542076813095406,2005.3183062670464,2.215514831588693,19.158042267351583,383.05143306653423,2.2212150412616976,45.03832934938079,2028.9517220493499,1.2562488393553743,12.087947055440628,146.54733796751316,1.2598851383372518,4.345613557638363,18.91175505294312,1.2582852057372724,11.645665688717102,140.58776338811617,2.0937757893390936,15.297028518008945,236.58105681459784,1.267300795776307,60.91136186279924,3776.7280831363423,2.2486291600359563,16.6638570922791,213.85751921481588,2.193599226430812,2.158257741624931,4.656061559536528,1.253810294767839,29.366889276300927,496.34751730799064,2.295407934669946,16.63703092433527,283.43726088866674,1.6172899082605756,66.66172820406678,4159.583134511001,2.5640629355237436,4.369421804055196,19.08819279966198,1.2585951754904603,5.479291602260308,30.226088958192417,2.512370690102795,26.41139390734371,874.1822851061775,1.4784651647095806,18.09883279182038,349.4741036455037,2.584668517921418,44.40218284699545,2244.0905053033316,1.6923147252693824,4.337071886630529,18.752877436653584,1.2533505949333024,5.673160744869147,32.744191446271174,2.2460894824624735,35.52791529524257,1744.7829104973553,2.2459493297185418,21.200438117580596,446.40407623803105,1.2598296137453957,64.03937016271595,2041.9100646421487,2.42440890995995,12.649566295873768,158.65980973985887,1.6411268844420526,5.3076305570774,27.85682998968744,2.3339782409213687,29.259905346511616,836.8194227673577,1.3750314994334707,24.434545781884758,280.401263884118,1.782778889579998,27.3329648979732,746.2756470615892,1.261483192215461,8.11490515016418,65.5059085644984,2.142203022451708,5.520669047103626,30.36300711796035,1.947345802789009,15.390323511307486,237.7848949918928,1.2639897379996803,26.193865807504707,828.6654300428391,1.9470138808897877,23.273225960870437,542.1364344176369,1.2612949544344831,18.227358498158512,332.51913610774824,2.7704037547927096,4.153978660822196,17.211539808200023,2.299531609561539,16.35693458541753,472.3976442263936,1.6094248583880586,15.560619571497114,258.50909869791843,2.5775124854629916,30.555148235118356,890.1300184757301,2.0998235706078643,10.913198187416835,119.26670934542366,1.2567928986100745,4.15029370433078,17.267561363090536,1.260017628848375,11.290162920712232,125.14016909847005,1.27405080220453,19.58844656566263,369.7050352102545,1.8965044603224301,33.21822694364107,1114.854955973232,1.2573251308580056,20.343323189795356,400.10664628284627,2.4091656472543184,2.646752888650991,7.018922000747285,1.2559981066191304,31.73811797211719,969.8747703897295,1.9169566359567185,25.92508438450407,632.6538669574768,1.467248778062556,41.87193690429767,1100.5169453504304,2.0519740020732726,14.889512255719886,227.79307715502773,2.4810897844673208,4.71002932663934,22.22363071028648,1.2544602564877332,18.783091600329993,300.379505385124,2.24524581830105,16.85605151416542,279.37016751667306,2.2495021241678415,34.04421489809785,1080.631495596258,2.1681715967713937,12.399928443199697,158.28556557864843,1.7413150271525346,5.730019368826599,32.5482481455673,1.7577761598364663,38.156181865392725,1543.7273912981066,2.305166939200323,32.062002253427956,1211.402874405062,1.3128929555673658,62.02616851340132,1884.9428772454112,1.6528013828107755,10.289056826394434,105.12341843554402,2.673596632147371,4.884327421244897,23.603440297393124,2.7537962308299613,16.49523613413289,269.927182290428,1.2600974590070564,20.54487650737217,421.04140811358775,1.270874792759257,34.80653035996733,1209.0907453058765,1.255245764248666,6.358787784791281,40.31000128564183,2.2269761487911235,4.669825720988293,21.772870100006337,1.5894813892851754,37.199492130810334,1276.1809263111757,2.2199168663298696,16.352575777095822,266.5242743434965,2.06888273717158,39.30640544539926,1511.77953998337,1.9338813063883724,11.839844892928781,137.48096606041938,2.518697082021053,1.0023408871613637,1.0040749431776097,1.2528944438716938,31.65393461171607,1035.9523285069586,2.3310546090684783,22.14354206371918,495.50383588575426,1.2617954171673635,36.453157819823964,1324.8483221004087,1.259158613500386,5.030018997524432,25.246888611682156,1.2563510500274422,3.5944625267558363,12.89337392220555,2.126239171193744,19.183354530462978,368.99635377594876,1.2619972652269666,15.477344638308411,216.5746539139773,1.3593867100653187,29.205915670446075,804.1987035737723,2.145720700720229,16.463694498164376,274.35560562156303,2.2931194981273695,4.537722198875266,21.466425139757682,2.7080070242481957,34.28633103873947,1191.8710218364008,2.3257785721756195,18.102194415643176,288.7853577369529,1.6062424734907519,40.61059800947007,1661.4568378033553,1.2607025377372787,17.212441830487037,297.2879778555603,2.246566635197002,4.932616155011302,24.3225954453054,1.2566464328453242,37.735554803362305,1421.189454685294,1.552603206718175,20.57982092003865,372.2675323724569,1.8782374429523019,69.82324557389094,3672.928012283537,1.8940045155101362,11.2870665066081,127.6456908908183,1.2560155865830407,4.604953024233793,21.155055627510233,1.628035602736604,1.0,1.0,0.9999999999999999,1.0,happy
32.07959386321122,863.1178119217326,1.8773834828176543,29.818095386474788,1031.1427254990078,1.3177927845520245,26.151168466274374,680.8380153109612,1.256274595483814,15.699134974443307,244.18900190102104,2.2554556683557627,2.057423274356016,5.4060892669775304,1.4126604052316367,20.986746001734087,431.21746581324305,1.2544172606291257,18.90354008600385,333.5975633839909,1.6262839789470285,45.58423405522912,2078.0087687992877,1.2586995736892042,22.290368825941364,644.6892278487611,2.1444275189733375,3.020785751928973,9.13382369482825,1.963235794055613,45.912039623994524,2164.9994424374154,2.1589280505936115,23.14811243960632,503.4520389222712,2.268855245584939,44.99372312229962,2018.2223316896132,1.2548254013540787,12.108233366041997,145.98017885772356,1.259907946666261,4.340983764960377,18.854717203020346,1.2589346323156867,13.448215344656752,234.9103532231144,2.035284850248071,15.29565076400506,236.46583752833692,1.2664187168475036,61.26963486981699,3774.3015353862993,2.251835812731807,16.43416572452136,230.1710024112035,2.310247459218926,2.160055387331191,4.656713645122183,1.2534680034890098,35.66911091806836,1621.9078504575878,2.0261173544767006,20.966304181666413,323.9526737832357,1.3832804956618525,66.0958434980994,4148.527576654884,2.5636565057963905,4.375718385820551,19.12145452149921,1.2577651341791551,5.448060977264948,30.209328522018534,2.5137705420460534,27.434485206523025,736.8709710439883,1.241932280868523,17.198729327432723,356.69851078970254,2.548722233599932,46.00037404483218,3393.370726429839,1.7575900224962395,4.332709636636516,18.70875882285669,1.2516486637487418,5.720669588358844,32.47988848063822,2.2453832719438895,38.337341236898,1539.7030491967032,2.373388093882708,21.226377145264962,444.81525875573976,1.2574081788861122,58.96915705167388,4519.87660896376,2.101593190555221,12.521029980882897,157.87242079079383,1.642736802568542,5.22879129452394,27.906668456648006,2.331802017118502,20.145318560404537,214.1389757782181,1.1915196344800798,22.781480884378315,735.2160235770926,1.581005640351406,27.29641475091789,747.5299126665844,1.2601220574478542,8.06253513590917,65.5035400454249,2.1424097358969707,5.51135589795261,30.554621548678156,1.9509714427163733,15.413261638957698,238.0484361569386,1.262324570978838,26.57261277238605,830.4164259502651,1.948713599040089,23.22236495101861,538.9409831106586,1.2567796102462543,18.334830384802892,331.73817030503733,2.767633683236364,4.157938924218289,17.231290411439243,2.3056354141417916,19.32245102561664,157.47039004352996,1.8266541620973076,16.149821331572983,258.3783210070611,2.573975763354891,30.127679800224715,888.1603707052996,2.0972198269334466,10.882889530011775,118.6552065566991,1.2569897421210152,4.148939096071166,17.196667118566054,1.2592037020335756,11.049404256096263,125.63327251148326,1.300265773405346,19.60921491625096,371.0117882464835,1.901787973441995,33.42267180143094,1112.9144524662397,1.2551995552002337,20.151349132771063,399.3452367006206,2.405509293482781,2.6488632407496437,6.99410838427466,1.2546685167866523,34.60990652147237,1240.3508476867723,1.810257779837727,21.13058123681219,369.5984743375374,1.8490464537820888,41.913421420622235,1121.045735831394,2.0552469951011956,14.981889865798474,227.38082029961782,2.4848575249161433,4.7116926610395335,22.228860731450258,1.2539033058863784,16.663447090662693,253.54624191162293,2.3017178136049177,16.86096183509399,280.23072052368684,2.2654902890286905,24.713098637639508,618.8292482753538,2.2990943739680594,12.50811498483504,159.11255654299023,1.743622049189255,5.719273534048908,32.73300208086634,1.761883960358024,38.899922220767216,1025.0514628870278,2.444833155030711,23.590891584860763,529.5882042869772,1.443403768417573,52.54342233311042,4200.287058065025,1.709549307986221,10.315955500602248,105.73605571049,2.6797072194147815,4.805909811839751,23.497994078766528,2.7573865629485765,16.45881176589466,269.6326117358001,1.26058812571454,20.375506399177237,421.23673679259025,1.2697144264828293,34.79403192937755,1211.6665806610313,1.258017296618803,6.218019490809739,40.170767400789316,2.221748292885594,4.67476198474225,21.8335974686004,1.593108844709671,35.298452003860895,1331.1823839733477,2.3048681765573154,16.430426794683843,263.1519515556891,2.038408756641648,39.193041534522514,1513.801351150387,1.9321179210132873,11.699643898940723,138.3842543587743,2.516622013269981,1.0027789988466462,1.0050136747016203,1.250834003411278,31.669229818272182,1095.2048598786105,2.348904817644132,22.340019083969004,494.94063329838406,1.2558121894011942,36.463037660062696,1325.6884218627813,1.2592015211463476,5.021119302524628,25.214768924561522,1.2561009533144958,3.5975810642316643,12.930091439807526,2.1248605883124854,19.187390158133127,368.55403013067723,1.2623210745335018,8.648466586703428,37.06383751800413,1.4079106345792378,28.928914972387133,803.1658241893499,2.1472366124845914,16.45813896934954,273.85711761923466,2.2934358808453927,4.796584927337355,21.462217648703916,2.685707170579898,35.28789975387192,1243.6731054685013,2.340477336089674,16.657970479199907,427.29209828789266,1.544564426582041,40.52470260811216,1650.3543758526473,1.2590484322519349,17.255901985833194,298.02317557397373,2.2475216337598916,4.946818213946589,24.434935797196594,1.258121268585348,36.66065720447087,1368.9171341754118,1.5699888120076602,20.568238337828713,368.5506909898083,1.8587023422978037,53.4617966766796,2253.6744785389137,1.6963541316351578,11.281904991759427,126.95960164541945,1.2527469423644444,4.606020567280011,21.10119948469826,1.6271478358415072,1.0,0.9999999999999998,1.0,1.0,happy
30.96062061725584,974.0270466545758,1.889789810141495,19.578571370911604,292.5244623341749,1.5237147688028785,26.18820493719181,683.4787395656934,1.2601719412843508,15.634117458018936,245.88337710027037,2.256372887443018,1.7271549609688863,1.177166299696176,1.5207523064634276,20.839486237733244,430.74607865469426,1.2757658616373835,17.801775137185206,275.424833240873,1.6591873385822704,45.64109372054992,2085.242646511558,1.2613004682775932,19.37705751970052,248.88681143520364,2.467088683176206,3.0229498351908317,9.142299924392447,1.965773672933333,38.321142859526894,1450.8831202499268,2.3005024740910818,24.896271370280335,632.5439473459364,2.1947006003908283,44.97904999679706,2017.1941811153906,1.2553308595902197,12.124852425283375,146.13175361438186,1.2581760803298303,4.342802603155322,18.850307786148754,1.25962955416086,17.62316677665858,354.57270116867755,1.7143080873582524,15.3507504760254,236.02459807816453,1.2606974251789296,61.33149683155356,3768.2176686153143,2.2530410816031416,16.104138197379836,252.87525520125263,2.343384174083987,2.1620750942381357,4.673097097639084,1.2556854850939143,32.32172283221263,863.7824547715015,2.364865106543568,22.81606211691185,476.67120911090393,1.4303521376430832,61.51304626993778,4138.606363607215,2.5531872772536808,4.382227374075355,19.23494643146427,1.2603314937757497,5.577480515016888,30.265015348738842,2.5140572389745053,26.180819908238693,926.9737718589512,1.5120588220750266,16.382174019618752,318.37371929991434,2.409502835202275,54.57296062384889,2392.8332065841605,1.915886304085712,4.333285161998188,18.88799745655457,1.2573950740268018,5.735255380218615,32.70750827855601,2.2453416203841448,40.56962728105309,1055.7883945173644,2.5399074984446948,21.118983045243283,446.35996639234656,1.2602409917751103,58.137594450772355,3691.0321499833,2.1574607430648913,12.543533383123853,157.5876346317981,1.6423513047364073,5.246568199798849,28.025837424028712,2.336300981885382,30.66315598437876,930.4859466730073,1.3632786040188527,23.578202452298463,465.78331060865145,1.7571681023672174,27.332045365916297,744.3413553004805,1.2584646855107229,8.10189316164704,65.43452841426223,2.143956564778286,5.505648657749013,30.51025179718771,1.948983699387093,15.431455318746817,238.48073567715429,1.263297612139753,26.13391724494639,826.6832814805642,1.964628675976304,23.25657965405668,539.9742870050857,1.25883546333676,18.204409807867307,332.40466478194855,2.7699232605714195,4.1447977963950615,17.069587047688813,2.300778009602264,17.202706029698927,404.9586137455598,1.6972725408048732,16.760483674472525,259.142678061706,2.5609718215991406,28.653029560145058,881.3990195316474,2.098327786584354,10.882035817437085,118.95351396629027,1.2575012089578461,4.152001934142587,17.231556134219115,1.2588081231011758,11.150708379233286,125.04048709670478,1.272464790841656,18.889568752331034,369.31076397525857,1.8706899401862072,33.366357461427796,1111.0052681192603,1.2590661412235713,19.551990011199592,398.76930637325745,2.400676380957199,2.6485049396631757,7.041681859723557,1.2581572049700345,34.11070317576639,1242.3089640001338,1.8076488303215386,16.79209489704825,315.8249118945663,1.7431565035545125,38.832417993123826,1573.2278403835612,1.9818236334961772,15.574642258161113,228.6841375786752,2.481730307791326,4.71876404580418,22.237092886319946,1.2536812227929572,20.710773843146935,400.7912693743023,2.173892008812458,16.635269745192094,280.8195066071702,2.2689963655838863,18.92604309930582,355.64988790154064,1.968487596609526,12.861020130709452,159.61452463558138,1.744712223593588,5.700127011975599,32.70224754644619,1.75992396668625,45.09788877402391,2640.3078696283687,2.141078152157707,19.14592429702122,158.7566557287888,1.6377168948602523,53.93138015036875,3775.5159243650724,1.7524436216223698,10.236281415298558,105.40142547218606,2.6658031956276207,4.796711186222941,23.50824821475391,2.7579586895013914,16.418860985172245,269.20038641545534,1.2587893853092653,20.622468462924594,419.4928127444487,1.253368479818341,34.782073533968884,1208.1068145795036,1.2571615711885904,6.150649591536234,40.40465859999043,2.2217921165034697,4.682146081333348,21.898444851876427,1.5925013874288643,34.21883038959504,1440.8987082945239,2.3561710994951186,15.850224682823063,260.7408165141656,1.9928756588718537,39.110356750535516,1510.8882922297898,1.9328472258492804,11.605114676230025,137.59609704750258,2.5213355581378805,1.0035793154796393,1.006920063791102,1.2515913623615809,29.201761408849308,944.9657307470094,2.1952662694121363,22.20169601365284,494.9995219165875,1.2655245779917694,36.295711302315624,1320.9150147304078,1.2586748453290686,5.014021519246818,25.160714422255282,1.2560314733794524,3.5953557872869593,12.94057948708355,2.124810486122097,19.164697942365706,368.06982014104153,1.2627519245887557,13.401462949868211,141.86963784243662,1.4176042209129123,27.747901578614503,802.6974920591019,2.132846251357242,16.41590659556837,273.7987186475792,2.290465424345333,4.581139156587703,21.423021923004956,2.7201113858939556,35.982446057940045,1261.9416192217907,2.3721425675312013,19.01171265933965,194.41221056712953,1.3244277978835024,40.69689026442803,1654.0527637527061,1.2590255055554511,17.246686473403077,298.9383530558608,2.2476074163993722,4.9440217848168295,24.491864042962913,1.2579880943963933,34.63866408459141,1242.2255057454747,1.5863216296112768,20.57593905862808,366.05080790773593,1.842156386510246,52.680604088198166,3442.6974795421806,1.9737530504021839,11.286484837628525,127.66069817811835,1.256480511292172,4.606528048773395,21.139623157613954,1.628851136018583,0.9999999999999999,1.0,1.0,0.9999999999999999,happy
30.759332794059677,1089.3433424471702,1.8761057630467728,19.578237661535812,249.63658715574152,1.5197259958678042,26.111696219710886,679.6883996375799,1.257637063450041,15.602218192408808,244.95483075894512,2.255412826403957,2.126106966792507,6.26782958933507,1.3816613398350461,20.49840087415225,430.4787255367587,1.2863037267265571,22.24232908011828,483.2305909639768,1.551464214701451,45.576461762818845,2079.397829198417,1.258951599971498,21.2506524696832,498.35667956433673,2.2917948413361984,3.0229932510947015,9.115055363300046,1.9680288977801803,32.86953987918857,969.959009775843,2.14202682285522,26.23263281074697,730.8234498604535,2.1440378501440853,44.95980094634829,2017.3562770321007,1.2536005397569565,12.088825111742965,146.78502802420093,1.260771050601897,4.3440177286878345,18.859255118971728,1.2592614377572917,14.626812899796422,73.45643494319754,2.1038101844270156,15.415768989708477,236.74684744546502,1.2590677312159964,61.26064757228806,3790.0393052133263,2.2556750328471584,16.218380727832415,278.38939007323387,2.3344576727898443,2.156750318545103,4.648449047348448,1.2540796475850766,31.32362932534645,886.1421541085556,2.4281673149839507,22.771395052054213,659.0364070422067,1.4856309651695792,63.14724912336206,4157.2108192836595,2.551308165524947,4.376558777033562,19.129264987356553,1.2573711129864125,5.505863231957913,30.463193344426603,2.514897537210602,27.36026734651674,728.5143310215276,1.2169864166048998,17.719924792980056,283.85345669950664,2.4831066492449967,55.30266709167677,1774.5114674747458,1.669784351117478,4.3381425336660335,18.767736537981488,1.2554562392298867,5.663690545937502,32.614302107222414,2.2435474596829414,34.59917171844904,2040.8646447064364,2.115089852008092,21.01567218787231,445.41363062703584,1.2604367292500076,59.733063886447255,2313.0957533669502,2.2930064475935756,12.618700051881998,157.53436344714464,1.6454631564768598,5.31466179653556,28.03701740699242,2.3389412987752465,33.15693687749826,1344.104151673687,1.344713933803809,23.68814173855042,518.1945712343268,1.719630778654776,27.309211303456447,748.0957314224152,1.2609601390923644,8.066374634241924,65.35713447057257,2.1455375141636606,5.518384282900101,30.45951785524683,1.9453006500674308,15.424703077971252,237.86138501371096,1.262102607875713,26.564046994194086,819.3783431970697,1.938195089407534,23.204761701754293,539.6956993767161,1.2564621209958988,18.231727972470114,333.79490653383544,2.7745682380817005,4.139094606932485,17.193042520390527,2.3062581307637684,17.564095400218594,359.66351611820335,1.7639321671106678,16.505254869437945,258.09483497102565,2.561463924712836,30.588540900041426,889.6337883295818,2.09811969009254,10.906049021777568,118.3582972008818,1.2572457382950675,4.152973742557888,17.16613484574916,1.2577220183536595,11.323496420779636,125.03149174014544,1.262526652118768,18.784302603492762,366.93868097992606,1.8707872743571827,33.211603374193594,1111.9034172530062,1.256610131330869,20.05832464894362,401.45996819476767,2.403363358111161,2.6498457331296716,6.993354732156942,1.2544380201494578,30.438453456905346,983.2730649675051,1.9081303173190052,25.430472635802026,652.0774907907364,1.5520071521190923,35.89715578031542,1980.0711537033253,1.873522695299873,14.82274859216301,226.81169088590718,2.4833150827444226,4.7166123724580835,22.28748506547219,1.2557911150533767,26.39959969234421,666.9681182028107,1.9401545998624452,16.69415846481479,279.32054189726784,2.2542694603200215,18.738983122568452,317.6531345418027,1.6534475089919405,12.519147945901612,158.432954419465,1.7430414929227278,5.6890627385598895,32.51066048145303,1.7562293058771934,38.2656049033041,1656.1204127184717,2.398329976716354,32.026756174950364,1126.112999478464,1.3398240601556115,62.28289593616174,1788.641556328008,1.5237910932814036,10.137605433254057,105.0315170998848,2.651494205665121,4.82754876432431,23.46565816380114,2.7600327729782266,16.356602988036276,268.9294389262405,1.2593399311485869,20.473591554421244,421.54121487664185,1.2739010170850853,34.77892577878668,1212.8693498602327,1.259394181189895,6.232820842281501,40.31771996033013,2.2243732984880777,4.6652780197741945,21.84806240963756,1.5909552853058453,36.02533897862511,1294.0882950756272,2.255817571695506,16.2324198326612,259.74234167219043,1.9789550397368798,38.640086716089705,1517.0074456385269,1.9351362665754375,11.594718996827797,138.06563888962253,2.523452010108289,1.0038089351239285,1.0080855063932903,1.2553751128163397,31.14343976589865,994.6543891713081,2.2898645250172915,22.146064703448268,492.99703276784584,1.2559738706759873,36.389625141522735,1329.8304989172057,1.259653291952745,5.0093967710463,25.121339610155935,1.257910037215915,3.5987409697854744,12.945275602341887,2.128368729179323,19.15142351968398,367.1327904351262,1.2614174595373477,22.563655512594355,502.43908198399413,1.309167571709951,27.487140991473513,800.572949455872,2.1290641589680566,16.503842452178485,275.3078553990144,2.3014663103557003,4.653556297118343,21.64847869758345,2.68485831691971,34.53666340913408,1195.477711084209,2.337678089263411,17.32592431096808,374.9419224646184,1.577837180437745,40.81646913021812,1651.179186529425,1.2587276684754936,17.209503736274094,298.4699262502595,2.2473905680558404,4.951904834868503,24.509924842367145,1.2573561304683973,32.952364837723934,1087.3742009036705,1.6345806313861473,20.598823490440452,363.3382601229026,1.8214632085150286,67.7442825301574,5859.984222389256,2.0492885085925545,11.270896004421076,127.29561849708482,1.2555241239269626,4.603661109126677,21.086788094741504,1.6299559323140302,1.0,0.9999999999999998,1.0,1.0,happy
30.322625957399264,1171.1327536569495,1.8855149631038601,29.483511179009692,1004.5947721344319,1.3256189695505787,26.036093076772882,681.7392466521569,1.2567598935163804,15.708054552010227,244.05829270526124,2.2538807408200903,1.8170328809213532,2.301253943543593,1.5973683522274293,20.66663487247862,430.2576205257488,1.266989390535758,25.602048650666912,689.8043716041578,1.486385385880961,45.61014693714507,2077.87573464143,1.2587237524904542,21.145068532281734,499.57969847298546,2.2905973796396495,3.0166917659341657,9.144755302372644,1.9681364207844763,37.87929917712716,1449.314919391349,2.3222908387926533,28.5213871033158,768.3514344002804,2.137580573854132,44.941309714727055,2014.5374093251,1.2550948098734782,12.057201318415354,146.0886843373689,1.2590650623751618,4.340805077807811,18.882774026436106,1.2595462670491446,15.683758888881012,213.31985036041655,2.018255836210195,15.453628957176862,237.20639100695274,1.2595443497782048,61.2498783480477,3771.610967186724,2.2540745203704096,15.872350400234055,297.19739312528395,2.3014371139443415,2.1552071415133907,4.632126536310811,1.253321603045259,37.186349616142905,1750.3698126533707,2.1057733608428086,23.405813042461848,635.6611577287078,1.4704397579381387,67.307961743745,4174.702967987783,2.5623140530215314,4.3770311632294705,19.12686537574535,1.2583960949543131,5.434955282730585,30.267957624028394,2.5130854100955715,26.457875459446402,888.1659728385098,1.4896721272279867,18.850044302037546,276.65669754102527,2.500760282225397,45.61683200610302,2510.3539854050705,1.6962650436853974,4.33607445048612,18.792890685807688,1.2553822804683148,5.74778916781791,32.54577778744974,2.2470015667739918,38.73926350599894,809.6912552783019,2.5013068421526765,21.00221919907466,445.211356802945,1.259976857801865,55.367326775253105,5118.175868602977,1.9484791547791496,12.510706103212522,158.22467800197558,1.6494048174650446,5.34176649999746,27.950677719410027,2.3367835536936985,21.84987640236918,317.67624887261707,1.308380928247359,22.887976846660436,691.3364207760874,1.6035082623432526,27.35280598691624,747.8416744781358,1.2592180939241289,8.094472165435118,65.47378716008714,2.148260407122513,5.532666599864735,30.425657383447763,1.9474067201949268,15.435666990633573,237.9343947541264,1.261650881288157,26.41284879650713,808.6223208709503,1.9637431934265102,23.2754544102478,541.2397070905935,1.2612733772100884,18.233123303455397,333.0654039547019,2.7763284331730502,4.148921864814197,17.120386004148425,2.29747279786235,19.178377020215255,178.62009627069006,1.8847395905378064,15.587896851086182,256.91137295668267,2.560541210165806,30.243458522255057,888.4084444385204,2.1008348342231784,10.916471564743327,118.94006188176917,1.2574744281510735,4.147403796368693,17.226847938162376,1.2595451750457567,11.103054160893642,125.17355130757542,1.2966691354569604,19.5425085375597,368.1734775532041,1.8995599699710182,33.446880790093246,1108.1644863535694,1.2536059551473087,20.321493870542277,398.6989970129482,2.4064661868418025,2.647763834637577,7.017267718629439,1.2547647680133682,26.31524384518608,688.022804972615,2.0472279324587332,22.454144142047063,377.3820076357457,1.7357007487439655,36.50887604389995,1897.4348610082482,1.8960502817549296,14.966474090320064,228.0871047015518,2.4790734196560353,4.718100290281806,22.286004995638965,1.2554304396016218,29.571167517728405,911.8308440587971,1.8663823963687494,16.764888083007392,279.5452877167944,2.2599801707231477,23.349706290563155,482.1297995789587,2.2993046477705454,12.379878489128755,158.9346330079734,1.7398596669263249,5.685200268832837,32.581315014801994,1.7588723372852666,39.54871778416692,1024.6826814932224,2.4500159561032357,33.479067163070425,1319.964558868352,1.3337688169765596,54.63174370435416,3737.9555188160857,1.7562341859150385,10.110185740841828,104.95630815225616,2.647918503070102,4.82251536470363,23.50995153843347,2.7563186070792716,16.290751289724422,267.48937442188526,1.259826414522389,20.394977053890354,418.8480708892985,1.2626254901491014,34.802025901440764,1212.3675978133479,1.259601585106333,6.364511997444724,40.34656810653684,2.2296679998593643,4.678891002789856,21.845343285784413,1.5931248299550362,37.13015585940347,1295.1014450666923,2.2450178007697246,16.16248783675049,260.6581114669314,2.002574562860783,38.488509968145536,1512.9998923206929,1.9260884733274577,11.709247114663055,138.11987337421928,2.5172833259413077,1.0041480616294343,1.0060495070567803,1.2540026207986144,31.66832342728908,1111.963112523712,2.349230686604978,22.347268726549995,493.8455827929323,1.2567621329701468,36.493569840723296,1323.0146234652025,1.2591471530230127,5.0130639582183285,25.145078470198737,1.255883799174025,3.603446362416123,13.00899510984621,2.12861867640817,19.19067058845471,368.2206661931863,1.2615478786935268,30.29505150927675,941.2217494574079,1.2755181741837258,28.535049455030205,806.0541197535746,2.1399028580630253,16.651035931666605,273.0665907106671,2.29618738228961,4.604493599956911,21.394878031581293,2.7094497599428906,32.09333483393225,1131.5475624586554,2.1171989700071845,17.380142248858736,359.9778112123129,1.585687253749286,40.73884588145449,1657.9577293672348,1.2586495649098037,17.184223871315982,297.44665731923914,2.247650264138358,4.9467481000094775,24.439841853610254,1.2578242568787648,29.503473082467515,895.3889455612925,1.6802684064059206,20.57558433632001,359.534240761315,1.796960417625662,73.28535783448352,5702.382126118788,2.042431905684242,11.265126108249811,126.88144210700413,1.2545945470744373,4.600675411007114,21.09103815441731,1.6311991593762516,1.0,1.0,1.0,0.9999999999999999,happy
29.326496488029687,1169.8335755116075,1.8501099240248338,28.076320031937108,893.9694564624984,1.3398978482652495,26.02518557747092,677.2954191070384,1.252944567959456,15.671716766768132,244.96887854337623,2.254323898419642,1.927859172124638,3.5702858616569944,1.5024488811319057,20.969812428238132,431.2558595242545,1.2591967185809476,24.231797611207917,621.4884699685184,1.507408849859007,45.48296807237647,2073.2647857476322,1.2587137442419365,19.23119534377389,247.8289641965334,2.464514100921785,3.0348269158153185,9.164421051801938,1.9652192036925804,44.92378179639088,2159.822374972622,2.1864473558450395,26.431250522415585,716.5054630794683,2.154523000809401,44.88661255860141,2014.2960591446913,1.255794342975658,12.09564798875572,146.18254786827464,1.257066612982493,4.343900360259656,18.8270502456286,1.258188010626274,16.744253255921627,426.4657257293695,1.8293792408795393,15.421659691818292,235.66351909197675,1.260890305454774,61.540425965269804,3776.2782647534,2.255710076411982,15.39224334632553,310.85036950952167,2.2689783114462947,2.1582725553892557,4.645300603357637,1.2528847248216362,31.361818490498177,677.4117631513865,2.289074924055714,23.956350659405903,469.22133408289676,1.3666369885803256,65.22765450311994,4172.613105714717,2.5660917770054894,4.372003088783436,19.129186106085832,1.2583500067076108,5.577857251163201,30.387724004711835,2.5168914405792244,26.85263272900956,804.4282681840755,1.3993642925128476,17.601816219357577,283.3974323581911,2.495852327567566,42.507089475219715,1969.3759014478921,1.4475130527187816,4.326081076916447,18.72542336361632,1.2538371578785648,5.70684383748165,32.6630996145046,2.2465044080370244,36.46523907470951,1644.5512015746172,2.091332988306765,21.098034175748083,445.370265482287,1.2583856431290101,65.31408712374736,2326.6587293940856,2.4487876104526474,12.576660492949825,158.0677557061339,1.6423415328529347,5.277299794102264,27.90779595350037,2.3389469840482944,24.31911180724276,439.0432233034044,1.3841314070944188,24.11581306942517,313.0641087187233,1.815503230997054,27.333512143910106,747.7214289287431,1.2602685735433332,8.093415863426612,65.35338072774141,2.14343852628561,5.5246457111815985,30.339295285432897,1.9481541252023902,15.460815733848984,239.28328660716153,1.2618571386129533,26.317544413549992,792.6241484950791,1.9528426652076933,23.195631959349555,539.2553519520444,1.2577981144440242,18.260232517372017,332.38201763775663,2.769117773727765,4.145573603921091,17.166024982112223,2.305133301344345,16.218356390219842,487.3921898064764,1.5972081846321238,15.499674899318897,253.80152318058117,2.563066660709006,28.61400677527361,882.3494149555079,2.09931588190489,10.891087572468123,118.7346393849979,1.2570065478575814,4.1489940585695395,17.228665397038753,1.2583720225345831,11.059145706228717,125.0743182503161,1.2876513982561646,19.57149547901029,370.8698493625368,1.898055307298427,33.33236462038086,1113.886981495134,1.257796601027567,19.766687322020335,397.7275080747773,2.4007009593392463,2.6425994301827673,6.968221241191486,1.2549256693224324,26.008572863332486,620.2177331351602,2.0591646224251163,16.332583375007935,288.3863411514003,1.6521688300511104,39.58949334973586,1418.075848768701,2.0205621622838597,15.674518019616674,229.38843829206317,2.4781020438330965,4.71816565515238,22.23875841684911,1.2539438255534108,31.145175799048083,994.7702913538104,1.7876610222161882,16.65213073697426,279.50675275883657,2.265509407020131,28.332740925849304,810.5818496085545,2.2014252508166563,12.803700716517916,158.33466936510396,1.745538154955363,5.6855046047724125,32.66742988298358,1.7589703841755906,46.97742855982439,2553.060492231287,2.035686554995896,21.111003688608484,253.8550064422765,1.719253940129427,52.135019340474436,4249.6589372840335,1.7025481605028396,10.212502949398056,105.82105636549691,2.661399166308029,4.87159622918784,23.613163344393868,2.757226335701296,16.267963344653122,267.8694364553982,1.258931282575606,20.622233366238795,420.1024876846655,1.2583912637168175,34.80217665576976,1208.7478793765529,1.2584656687255478,6.477656200161766,40.25511570064934,2.2318234429441204,4.679183372377624,21.924970458935597,1.5916702758610732,34.78239136819769,1396.1147674241615,2.3443678930167846,16.049856977255747,265.0019082655472,2.054384676682461,38.737273387902206,1516.7901458630683,1.9304236031375817,11.813609516496308,137.3914470830565,2.5191058117344216,1.0033740556508481,1.009285923692324,1.2542338295110482,30.332037545823756,985.2625162449287,2.2754118987816194,22.151165417861485,494.05365713278417,1.2642086402918793,36.312387517209935,1321.936331027779,1.258915285542565,5.026842614575447,25.160814999212494,1.2548309785619667,3.602820651797108,12.926398193354999,2.1265463979897916,19.21162841390015,368.7096105968944,1.261595993757368,34.831484742107385,1243.2907099408512,1.2678425558673383,29.272495454716783,804.2728336073607,2.149068515706663,16.622996263779612,274.5719677593893,2.299946440580915,4.584813249776432,21.461033256374137,2.706530098169205,33.054207888417174,1157.638003215259,2.2229159199067823,18.87056519895377,199.56773384135815,1.387294491033528,40.622901167835195,1656.2648936724631,1.2578927362289247,17.1878805927661,297.81465477008476,2.24817717980711,4.935525787766466,24.402975567332017,1.2581727059292565,26.82892609107502,707.7167503519712,1.7637721945849743,20.57468478167567,358.598743049709,1.7829096708844263,64.08784257570734,3019.709964135611,2.089366525407944,11.283175249109874,127.13265975816888,1.2540855610198682,4.601014934464902,21.129082252614328,1.626922943531698,1.0,1.0,0.9999999999999999,1.0,happy
30.471841003003767,1113.6796550749727,1.8876044293011685,17.880984509433034,163.5107240371189,1.5274964728106575,26.072695035594677,681.6753434957164,1.254203115002476,15.598650575019528,244.30671687012526,2.2540255822627207,2.059710494118913,5.468222701766379,1.4080523447730104,20.791122377726396,431.3129008599317,1.278327375734139,19.414609736483882,367.69050116125123,1.6069215182478682,45.46522784157171,2063.2064629576284,1.2596412764641944,22.268888388327017,644.2924762949851,2.143179767565995,3.0231278666646566,9.16990686425002,1.9680568402053837,44.43426212205149,2012.8971340927264,2.227897348651626,23.850611434696606,604.6219717508618,2.2024341284956743,44.90867073594804,2013.6468327407902,1.2550249386881276,12.13682461535622,147.18050706946306,1.2600376652191807,4.352931367245199,18.97235616766035,1.2586571941849203,11.992333335885272,139.66932484806046,2.091849810716758,15.379843373468429,235.06289394466586,1.2640579661287743,61.832861593995915,3766.321405024361,2.255541287277271,15.699594100231256,316.8373821046067,2.2688265030075927,2.1580817748816377,4.651340245900688,1.254352654350769,34.90188548843799,1339.3446057793933,2.291447083868282,21.930342456359853,394.54083597572065,1.413999317126248,61.05207792746058,4126.103027784738,2.5499619406364316,4.376817326690206,19.10460382443796,1.2575257758949525,5.512941645186353,30.302769270940168,2.5156689765024067,27.076260338433357,793.4479894504119,1.3837763089662043,16.570152222834732,317.90663095874623,2.4035726588641135,44.307438186958905,1756.2958940310955,1.5221345296863544,4.328430223903126,18.780258137740326,1.257070421904774,5.682503233539177,32.62849029916953,2.2451536197686255,36.218617183016995,1364.1146546221935,2.087670060952526,21.179821639650562,444.6198650348406,1.2574780878306966,59.39332016091609,4011.379070883583,2.1344459809312686,12.6539279725648,158.82223804254116,1.6462325275473229,5.221716531719307,28.044535203616043,2.3366232428830362,33.52834698935119,1437.8529081946965,1.3415988652593975,22.29520495471685,845.7793931393971,1.53056154479803,27.32810200331675,748.9272450519142,1.261131283902668,8.081102372879984,65.65650016903952,2.146140423443871,5.513014046390962,30.50322547383471,1.9468516017033601,15.468899511243215,237.97853978383688,1.2618384982775082,26.62186795135808,775.1135348405462,1.9558011394515027,23.249101846943457,538.9794771811171,1.2584939968598072,18.34076649922249,332.41317713450474,2.767592250857414,4.1506848498197595,17.081108946372574,2.302215069605714,18.58585437756293,216.55025920658645,1.9116144788102205,16.355410443719418,254.25579274957832,2.5627098865977795,30.37662130297904,886.5305743858655,2.093114710271667,10.880991415494218,118.90513850497594,1.2588286618685474,4.151490946962301,17.269568124556397,1.2587038115368006,11.315940926872903,125.08610385439954,1.2557610289628724,18.84391026736359,366.7489376185916,1.8632214735674075,33.2791446216768,1112.3642530046125,1.2556022582035864,19.761306533507305,401.9143557092453,2.4007230916635907,2.645817929002864,6.994100284672636,1.2546824757938768,29.97409826535901,834.653305525701,1.9511916593543648,24.488291306970705,682.3908438993614,1.6347926985802685,42.05123579147825,1057.1700984564757,2.0473763077381286,14.95152381892486,227.96478239372018,2.4813115106236654,4.7160065464273195,22.24599765466238,1.2544956090457575,29.378094720571,879.4199156767883,1.8480033036320835,16.626315078424117,280.041465486775,2.2580945283759117,36.91006715074204,1347.2122137008437,2.0386519792223905,12.650877109441911,159.00916303594087,1.7437943492307781,5.697170364693683,32.66672872923659,1.7649008837472446,39.08869787769124,1582.8771717987013,2.2869857134784053,25.47215815487948,502.72670020500425,1.5264371768873302,61.89201307188993,1915.7647675124717,1.6740308067172693,10.356877077197835,105.25803060839038,2.670607039217822,4.927772606114913,23.629210856461487,2.7555059029161733,16.292968119791166,269.5412606342395,1.2593140527991686,20.44021681975491,421.2375182601915,1.27473486039306,34.83751863272095,1214.6200643165778,1.261185969437,6.525468522798164,40.30609917732193,2.2348095951948457,4.676208028196259,21.814491330343877,1.5893790859449821,34.743815887082704,1379.596661483474,2.3335788315118333,16.494239166771628,267.7331863418805,2.075697068111475,38.530648785079286,1519.4809757396963,1.9366995998406125,11.862219938294599,136.97608960592817,2.517399537624527,1.002792360595522,1.0056880840228979,1.2543739074041826,30.14837064851153,952.4571520564531,2.2166873724029683,22.210244914765205,494.9024136241573,1.2569260915786697,36.3067483920528,1322.5443872099654,1.2586590546719734,5.027891903883813,25.19530698357293,1.2552288917851129,3.6033107420948385,12.956956404411931,2.1261165563722813,19.19864024781681,368.4381216749761,1.2600103718128053,35.0095955537551,1249.9394380619956,1.268622629163037,28.560478635803307,803.607366132606,2.143501396507188,16.718479051185,274.94848396935646,2.3052727406216222,4.748433679786116,21.475045105979085,2.6954325128278316,34.92003112746657,1223.2370086755413,2.347787426937394,16.546041969215782,433.89548845907876,1.5412546929311517,40.599539471235616,1663.235609613145,1.2595178973270065,17.198429919645818,298.8403510953838,2.247780494611416,4.944274137218063,24.402434654103953,1.2574519353251805,23.22492370672611,529.7586072812601,1.8481042380798773,20.581696231074176,356.2258989540006,1.7645397822601336,55.949425961770835,2054.9545641797376,1.729248754700814,11.29414716068559,127.86029111837642,1.2560203228372022,4.601433577606111,21.098246400990035,1.6281803915625084,1.0,1.0,1.0,0.9999999999999999,happy
31.202850621545934,1002.1690281324296,1.8979068801590169,21.869834027698662,415.3776067467628,1.458270883630997,26.12774438730892,681.3499883731542,1.2538936694525342,15.67745216839931,244.3465072828503,2.2553929986066175,1.7245876513131206,1.1515204436074087,1.4996254230064459,20.537016447645847,432.17122690239825,1.283353053708167,17.194377599544968,261.9986457743514,1.6533687317133743,45.48088007247205,2072.060859391801,1.2580772430083083,19.55108410572852,268.11745545653076,2.489655489488474,3.024808225989925,9.163886664911372,1.9677507014025688,35.987972793931704,1231.1636497000363,2.2917163631296034,22.52722317001949,475.5047632784244,2.276089436974817,44.99032275021385,2025.318153266394,1.255397007892788,12.127945244038381,146.55453641955694,1.2587156952846537,4.356375446948507,18.917176051172728,1.257448897348316,15.057355584210134,168.36980794211624,1.8526943176054778,15.343706644315962,236.41712553479348,1.267203317488546,61.82183121239627,3765.036412146005,2.2578033238909305,15.877325070094297,309.3934344474363,2.286648975706822,2.1591546129705863,4.66153668600113,1.2530919046120133,35.848969609749815,1550.7141068023839,2.172955863546923,17.66423758805187,377.33181779556884,1.5822423569629964,64.28696924847601,4157.848114680381,2.5578363518609297,4.374083422589078,19.171827152094874,1.259322211688276,5.430514229555227,30.327616079192016,2.5153562086260695,26.276050790518365,892.704950243937,1.4936601288915252,17.52027801595314,357.0169457027007,2.543544484709362,43.877156680262445,3055.4920920887776,1.71099816274681,4.335018793267874,18.766850255332418,1.2547957494824826,5.761086413143164,32.62863485398108,2.245683646135937,36.620232025007176,910.6696079755067,2.364530156654224,21.181715238172004,444.85730387510444,1.2581368490524856,55.783519479483616,4048.979674050295,2.0138008319974228,12.53465556898664,158.60892721577898,1.6408995488154898,5.264646180568192,27.926196468186305,2.3350082185351035,28.238772544423846,729.5168341363665,1.386014158791059,24.551177135714035,222.92384087555212,1.4183899453148758,27.350291528752475,745.5777056962581,1.2596068300804277,8.116061868752658,65.32869577869099,2.1392930337214007,5.516805285456652,30.34244993843508,1.9466538666439606,15.457604762834897,238.7467130631455,1.2623100782246406,26.293658029265714,759.8329027749609,1.9649525730542745,23.197553109616074,539.3465605932953,1.258288965313862,18.15244431794822,332.0029028010644,2.7706049594622253,4.138883645532753,17.088029391455265,2.3009591794417696,18.06665178037389,305.2399155647759,1.8443785975918319,16.659280764142533,254.99532647231638,2.549382728614687,30.062540818656817,882.9499568971304,2.09472668189078,10.921645123563975,119.34402652746112,1.2573373200580156,4.151389234717301,17.289800120174945,1.2598464409012549,11.216759312494833,125.87007091578266,1.2867575454524196,18.846723335179128,368.8416035465293,1.875519071529434,33.44581768280256,1109.300682548901,1.2571979063228866,20.28950875674328,400.91628467588527,2.399769921771806,2.6457731756170815,6.9803869106476135,1.2533044045596513,34.19539048309117,1140.512864089249,1.8314085359902996,23.48540856198302,401.7641615980508,1.583321553659716,41.35604662067242,1197.6375586447202,2.0531488610931974,14.900385825289048,228.76052327251298,2.4789229819715835,4.716230191796655,22.181198559414543,1.254530565145274,24.390206321991116,627.9069147943642,2.000037729195546,16.660512073156482,278.2336415037031,2.2557688214158156,46.52466042566542,2059.865026831239,1.8875070182204463,12.354714394244438,158.14367348031857,1.747302201296082,5.713141498152255,32.45338055543316,1.7563391154913433,37.93853758412532,1025.7139567947509,2.468230664981914,36.5091793251415,1604.8928377634988,1.3202413333794805,56.99172349105185,3187.2484183804627,1.8120127574685372,10.447117952629622,105.66022813990884,2.6732559721962246,4.858421581176621,23.539805979102578,2.7531824708506343,16.31287222320855,269.00146358697674,1.2597257190401636,20.484580686155994,421.07610136857517,1.2579853135285015,34.8176706891337,1213.8663591498064,1.2595492841481355,6.4620439309017605,40.36454796182165,2.2326197698560577,4.659987610714776,21.803013839946832,1.5936877088036403,36.42665339607267,1276.441260028239,2.234104547803088,16.45800551112681,267.27499406013675,2.0721778452873183,38.62001718179489,1512.792066339513,1.9244245056470113,11.855122141505559,137.82649733113385,2.519959227683614,1.0026810224543539,1.0052015878041507,1.253898670492851,31.585560491371712,1093.5686652287634,2.3457832148255604,22.323588264750168,494.7870711413273,1.262033982003566,36.528741565374105,1323.2292753191105,1.2572542386422108,5.015792873913922,25.25353836728811,1.2566398994272798,3.5962542760507055,12.99594345024111,2.125278639903513,19.19513250306779,367.22200669284524,1.2601638526280925,30.883677673861197,966.8181531543655,1.2724761218317953,27.49400639077478,801.9263271638844,2.1307263622383306,16.545837650128995,274.7371519684031,2.302587754717083,4.599800241624209,21.39394685519241,2.7134033378707882,36.53245239325256,1259.790614741002,2.3544215670078525,18.11820141595988,271.2387832155598,1.6006190412132375,40.78178053573359,1656.014460212709,1.2579926446424428,17.19862443623811,298.5955621448232,2.2480121766460885,4.9433084459905094,24.45823549639513,1.258144158699573,20.454171360222983,402.77649705086816,1.970477566766031,20.569489208756547,353.94873489596824,1.7489766627760561,63.71936381057771,4686.744087493021,2.074471540933131,11.293616124888045,127.62232278655175,1.2538259286578728,4.594332736777076,21.10938515762094,1.6309076013039403,1.0,1.0,1.0,1.0,happy
31.492016824524367,876.3433308643168,1.8595568202467057,30.663612513734783,1097.9747855685023,1.3141475203784245,26.176993426450416,680.8644312772473,1.255090170383878,15.626528848356996,244.21641219194242,2.2575111436191437,2.121944493554206,6.227440768974269,1.383302412610105,20.763095160929854,429.8678532602503,1.2614949711856824,21.233707090066606,443.2917277765223,1.5714972760612913,45.5861727673316,2073.302967267178,1.2590298952251464,21.06228689772658,466.75239177939824,2.3252876179971746,3.028548110659916,9.155048174522486,1.9681207421621911,34.830802238929095,1019.9782297932735,2.179383507888668,19.017671498428804,364.8354063644225,2.2140782658231535,45.01482656362196,2022.9610938271333,1.2555926417016876,12.094499436027597,146.12864637574532,1.2582684013408119,4.351140901439735,18.94236807569115,1.2583890621486833,17.595380145394913,311.74699548347047,1.5169619457947674,15.316819576671078,236.71721354161102,1.2705219382234063,61.89452071447846,3785.5288932174026,2.260233112056966,15.475339134882253,292.3326826283833,2.303609251306002,2.159293024291683,4.662231330631397,1.253722596397758,30.52258069064656,567.1919618504465,2.046795335850505,13.586736615756438,256.6863992238885,1.644672304511341,67.31659180465596,4160.011457454939,2.566915437788187,4.379919358657469,19.138340075841462,1.2588047924817771,5.553209585022527,30.399179760765684,2.515854251555239,27.429293311231238,725.2032497153017,1.1974142396637844,18.029486316219796,349.2469462596978,2.584570900657164,51.45399483526064,2790.417846801764,1.8787661812131675,4.3322007700770975,18.77226984452165,1.2561205759844813,5.668562124924593,32.46066800959955,2.2429599421041893,34.90045409325532,1958.297564211006,2.043747698114645,21.11246299741961,445.1533264250848,1.2575902938557961,61.57537541199564,2094.2430302194425,2.3794218751734957,12.604732225887593,158.74162103838043,1.6468545895867017,5.326034604404673,27.84643625642703,2.335901734344382,20.48914386339499,239.2790943098367,1.2171539875081325,22.247912071162315,854.1846311300072,1.5264641738908087,27.288198251325763,747.150344556137,1.260645157467805,8.073512494078788,65.67932391770049,2.144317643748525,5.517407717956921,30.50319323129409,1.9495030067705137,15.442181029078876,236.6029370941992,1.2590742641796755,26.65393482972691,739.5457718485394,1.9472521012266362,23.220779039124526,536.5054843682351,1.2571137096085487,18.2393446371185,332.97565695741366,2.7770400142305935,4.140090459218846,17.16299850477514,2.3006621918522057,16.73579958674494,447.91365893517917,1.6442543334536452,16.0904055718745,252.79478160164876,2.5430221451460917,28.603192850717814,876.9947699622523,2.0949745063903453,10.947179914066536,119.57808157309822,1.2564883187980473,4.145436112418115,17.163682717525973,1.2582293748517752,11.019525816510107,125.07865111493592,1.2982202910403464,19.579475555054326,370.19326579986904,1.8988719720908582,33.25220525552985,1114.9997578733391,1.2585886684626908,20.038779677338496,399.7086787932273,2.403514180648937,2.641961232929819,6.985896682611486,1.2558241255248301,35.42392347660079,1267.658078378492,1.789993999580847,16.442056019003427,246.20919941940124,1.5716070473087207,38.23904294619362,1691.779246136169,1.9530511484837771,14.955063447847234,227.58917523914897,2.4790620957254976,4.713453402971811,22.20520116972785,1.2556956751461734,19.67334643613904,366.8693390711691,2.1650128039681835,16.610057458832102,279.6542714967553,2.262923196245173,52.13620090712592,2799.792671648684,1.710861222161238,12.737758190531853,159.04222525062346,1.7402454574911363,5.723312948441102,32.6951564496099,1.75606850535615,45.205252899903385,2628.0186655879534,2.1365389947692273,30.251055827173275,962.897392755361,1.400807778944446,50.89262762928626,4553.851692977495,1.6715786678368818,10.42664883657971,105.4599254671182,2.670347706338083,4.917304161564024,23.480861506826393,2.7504100740389843,16.33261071008725,268.20964548811327,1.2599707408139924,20.635102851760657,420.15299781654744,1.2588465910613358,34.771807554946356,1208.6450784672393,1.2592963254732277,6.30751570271917,40.12921827825826,2.2266002266876495,4.672402981039245,21.79419563507061,1.590885151942082,35.94563540929345,1356.8784554093284,2.3164091100302184,16.230001499075872,264.11236795403346,2.047426588161448,39.09503887990683,1512.587975872677,1.936626176704542,11.743793688735993,138.12888214839248,2.518856655448571,1.0030399823240803,1.008417052132433,1.2531576726218447,31.283538626294405,1034.4227500480424,2.325554291602606,22.129480560980863,495.55660321580154,1.264290813915049,36.46342789730925,1330.126021276366,1.2584805734460014,5.011045955706302,25.179344951279464,1.2555972579420576,3.5999910729532116,12.978425050222613,2.125246255955788,19.188744180640843,367.97987043698254,1.2614820608267527,24.183516659090756,577.057587007037,1.2812859280364708,27.764968683208654,802.9497610808532,2.1332467324929723,16.533669878225,274.7421508006709,2.2991426137342312,4.556440167652852,21.48866690656194,2.685595104936821,35.84207146337394,1228.5931877071266,2.359152502900624,18.406419787973082,261.21905613008363,1.5919831126577344,40.941582089550785,1663.1242138979976,1.2573856014384546,17.21762702706176,298.0494087237476,2.2475693357247355,4.949290051733127,24.494061805870263,1.258139524433432,18.327056320440843,323.93111523801724,2.0369416248361745,20.59415114981732,353.7300055882894,1.7299604936731663,71.9260780315829,7129.106094845547,1.9960964536575512,11.28174039633432,127.56012486700799,1.2546366579887296,4.59873334883645,21.12702038578868,1.6268721588531923,1.0,1.0,1.0,1.0,happy
32.278270666236324,792.7475070571755,1.8381619704757641,26.109598645755455,713.4986894093469,1.3612681146212566,26.16363343740028,683.1888285741887,1.2589388413754046,15.544223679875563,243.63797338279008,2.2553046431889747,1.8232066671997489,2.3798044083090883,1.5958811483012079,20.964135763358833,430.69854791641836,1.260665062041813,25.362277439022982,670.7070988868433,1.4905020657237227,45.428070486025824,2062.475424267712,1.257594012623583,21.374603011005433,528.4556300503874,2.2550286087391735,3.021649996219245,9.162376291205932,1.968993373703608,41.036371291953195,1688.719446196502,2.2734992743707014,17.603472076856253,322.69980819313656,2.1064647898860285,45.01453738342912,2023.0709279410844,1.2553692711543907,12.069341309969955,146.01078876409338,1.2585464727236257,4.339836443034742,18.88102632496802,1.258973817217801,12.753724045566829,112.93094139925365,2.2132654316115445,15.30239086338456,237.01151939999048,1.2665302034596273,61.98182071390493,3778.574959696777,2.2578226329846687,15.98551228337986,270.7707700465409,2.3429858328758755,2.1547165946346754,4.641385891772334,1.2539708372189424,36.16284679140107,1580.856649191318,2.124444631364966,11.022259486716747,101.7431525329583,1.8448832738264538,64.02023809067701,4160.517874194331,2.5614023165700783,4.3758737166771065,19.17962074987156,1.2597761393280178,5.543878076519393,30.300524546252944,2.5187605980021917,26.138136583878687,919.3071482464215,1.5116017261344656,17.317518402971412,292.6825143163448,2.4701622910002565,57.03049029636622,1752.0440101636439,1.5988874521160463,4.328539488708298,18.748225081852905,1.2558863911788332,5.7021513764622,32.65268425523139,2.2454074463334095,41.01045561137705,836.2138783125968,2.460227167073929,21.031251384814002,445.58318201499213,1.2581641559057526,56.53525027047704,5168.281351542431,1.9986804346799423,12.622571781838328,158.2168384869863,1.6433638533957675,5.327958092301919,27.94515031537011,2.3392443441446455,31.092586632404576,1025.7293086126967,1.350956257006658,24.333584862716137,293.1735865614235,1.8008372583311272,27.290236008853014,745.1041258777025,1.2608160230931056,8.127866728625754,65.37838837641087,2.1405005554017715,5.5086590172596015,30.532048726800628,1.9539144995388515,15.459754779368248,237.85971065132065,1.260173995208904,26.60780537455251,724.7512967340074,1.9628134473926737,23.172860757114613,538.2523618862809,1.2578854672155293,18.243422522663405,333.5428522302901,2.7720348628128066,4.144452669734779,17.208927536256173,2.3022548270115886,19.66724330901084,151.31548602962877,1.7438531100726884,15.61047143835423,251.09156412120177,2.5417381641169032,30.37921504754417,888.746944973992,2.096772671497781,10.916539524171636,118.86237264004993,1.2553462218197613,4.146303204439745,17.156594288200967,1.2599229362074225,11.23047084220846,124.53775695442049,1.260195453384889,19.541089613508937,369.7108156853351,1.8993972183521883,33.343459718166876,1109.5765279754753,1.2517549304619733,19.788194223478005,399.5745088355698,2.4018943745904022,2.6451090975730334,6.998527022270261,1.2550943593466724,32.82467333979632,1106.5839613082196,1.841273200787677,23.576841285126903,704.4225252884698,1.6815637064849667,35.771776415380934,2006.7591749293804,1.867544970342026,14.930969485337734,226.47615380579177,2.478354819873412,4.717787401998556,22.112004802000868,1.2528745422233785,16.3693774601577,246.91210780354047,2.272909562707694,16.615012102845004,279.2316389054183,2.2572274389041094,61.112932888895635,3684.1950791988183,1.6815599306328193,12.764323147610687,159.37340135306772,1.7420363568559283,5.723124001320949,32.63733319968589,1.7652101864467913,39.27546446067389,1658.9209289204564,2.3687695290966513,19.66769144863056,104.69526494084303,1.8309539473413392,60.52128253850959,2231.2136128608527,1.8179606966418547,10.304224858376994,105.36831713519103,2.6589932030688024,4.83732956534166,23.62762843322753,2.7572728340891937,16.39643260763347,269.52557194725546,1.2588362259146082,20.378659435665252,420.6859470161011,1.274818260256239,34.779909496898895,1208.5808011306221,1.2593747770997803,6.171317064841586,39.85418165480496,2.218950020664865,4.666009738347844,21.79568243493713,1.5933495661158132,35.2393474560502,1391.7663984427054,2.3373498550731564,16.132472475328353,260.6048946699001,2.0048170500969227,39.208877474302106,1515.2596512118705,1.9370738241772256,11.619357642708412,137.3762955135023,2.52353931436546,1.0034504823408317,1.0032806874419886,1.2513723416973968,29.186180362174365,933.5153397087,2.1306108102501176,22.27478120496772,492.3748691924416,1.252802712343427,36.33074535459562,1323.9572781521736,1.2580236077805782,5.025379539447777,25.227925749917922,1.2548634643838663,3.598298280489264,12.915360230960115,2.124689436354213,19.191914897806825,367.51978285845775,1.2612297700854853,18.898423654588793,316.2132356124551,1.2516483438788388,28.876906850368172,805.8807641699173,2.1443133956782487,16.427751043402324,273.67602782175953,2.3002636449415115,4.6299364201150714,21.46471573513833,2.7122058570253813,32.773758331030926,1144.033897133266,2.1970392565067014,16.571656350476143,439.0343746326357,1.5385977182100103,40.77716167138819,1659.2602102084008,1.2583814987328377,17.25064167595328,300.4707298676591,2.249120030087346,4.943061343219535,24.420818954760186,1.2568886146853149,18.126950697561732,311.2564531722601,2.0676548762599034,20.60220601479284,351.0178427220857,1.7085290110464175,67.04001276865361,5697.893200434933,2.047361519876462,11.290222751025624,127.45628088301328,1.2540733997039204,4.595848000035151,21.109360277680015,1.6280371823711226,1.0,1.0,1.0,1.0,happy
32.49436229129928,772.6304016064925,1.783575506024624,16.374707865848123,107.27266488369759,1.3810423287754618,26.05349914390315,679.8851502891062,1.2587422395255623,15.646031813186571,244.20387944575737,2.256280187471613,1.9228456677223564,3.478101327213038,1.5097060657401216,20.671744960924396,430.3251089195925,1.2863527468834721,24.9929372753046,652.2769268131506,1.4967420107272367,45.496651805765524,2069.960685958913,1.2591170750814629,19.0321740778963,231.29377284624647,2.4274981246598033,3.0288891156704794,9.131221066880554,1.9651347861749153,45.4513651198906,2228.494198685745,2.165508546116979,20.10718215694435,366.016712938817,2.2412855084363166,44.95736697193725,2022.7143187068846,1.2571376164503836,12.088372434542823,147.14567613060535,1.2592192607987729,4.337904705223333,18.780126001147114,1.2575280680473677,14.163800591169116,262.34701664033963,1.9813903865120193,15.317235982178632,236.13381851995672,1.2622328560348692,61.866151450880714,3768.9720806978244,2.2552677675906043,16.380092564604666,249.07363724405403,2.3511359221062995,2.1564630711398434,4.6531256145214215,1.2532202764086402,32.32594184242162,1077.9072992004685,2.2403066593323055,8.500187572901693,43.44818443882513,1.7966970045758675,61.24777050814117,4145.058893877482,2.550954168933303,4.377672139280826,19.156664708362015,1.2600304199291434,5.431378370664538,30.213071251238816,2.514167983557378,27.26106903477437,742.5624933842007,1.2663051114559738,17.688355301709116,259.0456205714423,2.327565774267397,49.57930041870103,2430.506111132063,1.8069138379345293,4.328866597608693,18.7587805924094,1.2552755752400273,5.749838905321164,32.50849173833211,2.2445227419376836,35.6265964371883,1782.9861081470995,2.2569332353955267,21.009272046824506,445.2585167571897,1.25858361713061,62.74856473696239,2594.586402483428,2.3964865463534735,12.483903977188977,157.34131555072554,1.6411688391206425,5.245728779404827,27.883275790532227,2.340854766159147,32.26282757911196,1205.6783837201433,1.3488784089975279,22.83836007895281,715.7185122994482,1.5903413478837574,27.266777485539894,743.0979143346628,1.2597512807478901,8.07124104071211,65.67493201481311,2.144071930635767,5.511354504182623,30.52459819611496,1.950061587599158,15.486545424144978,238.44833216520124,1.2614112865471654,26.600581341710186,700.6483806770722,1.9446293757103563,23.23570954913369,538.7610278296556,1.2569837666061283,18.321623405519777,332.97780674210503,2.768511739655719,4.141637742124733,17.126472167806064,2.3011027018769363,16.84483151235583,440.8977991033583,1.6411344874057163,15.930358801625914,251.02196421877076,2.5413982912240076,29.989943221480384,886.0491391426136,2.0966722377514495,10.88683247186992,118.93333188831784,1.258102481009208,4.147708092313793,17.12169073624134,1.2582489803239842,11.27639788589662,124.71600905745896,1.2733314467484893,18.778597468143452,366.4899819740809,1.8651102216762514,33.449487705874745,1116.3086744091954,1.260341486419489,20.164720971536138,400.4877691878265,2.4038946840225655,2.647659191403484,7.022734596446291,1.2561280621839206,28.172010582421432,797.241303142517,1.969416820979069,24.213410719189795,450.95546883797175,1.5073618631555379,36.80723293940189,1814.4082195954054,1.9194882488516012,15.514509913407087,228.97717461687742,2.4814006216672073,4.718382509240216,22.32298331212738,1.2565121257243046,18.499397473741265,324.22197683038974,2.2497630505181676,16.641240469164543,280.1784924447065,2.2582983037331124,67.93951032928673,4536.544861420093,1.6191606826472498,12.371834556295946,158.03848017156096,1.742495242741855,5.731245416106424,32.65995988857641,1.758924758009423,38.82984653866615,983.788960192827,2.425593608777378,31.71473727245222,1066.538917709744,1.3720535919944377,59.16223232202494,2632.8195978278804,1.845479258061044,10.17411429323823,105.30360516485287,2.6422644640568467,4.822635905797179,23.571178819914238,2.756881722688951,16.44143692408031,269.19086176733555,1.2591902351452195,20.530163935861008,420.75855343130297,1.2562406350795265,34.824448031145174,1213.16778015314,1.2605529541854743,6.159592816293695,40.020315296923606,2.221513547845286,4.671846433294658,21.845304360905576,1.5878724116177532,35.627839761226284,1290.9674921123417,2.26024408348097,15.970819134398061,258.6766200007693,1.972221168083224,39.32109789184133,1513.8101794894465,1.9324747260582331,11.576191719862479,137.4910864278318,2.523100056798304,1.0030006720581401,1.0072642779697392,1.2542598636878401,31.6307179094348,1065.1556668867718,2.3407344321876074,22.238292575157676,493.7145978628506,1.2642175899730337,36.44109063421023,1327.795249190224,1.2600223222769737,5.029930776270511,25.237708770158818,1.2546503287158095,3.591609187477495,12.945451454360398,2.1272556844596937,19.20135960428121,367.41255266055913,1.2607238349432726,21.054596596492694,386.62599430482175,1.2632076666343464,29.133844408639263,803.5692337806483,2.1498225220384195,16.48375242603212,274.10653887852294,2.297122323030113,4.720346599848037,21.44571569405385,2.6987236335364746,32.59410633329636,1104.0952384882705,2.051358046284493,18.912256892137144,205.19057428415604,1.4276116917105257,40.5299353048849,1658.6861662968438,1.259765466767632,17.23131226287382,297.9357697696604,2.2473283956743852,4.940541785369277,24.42177253219867,1.2571275200898093,19.325879250203933,364.0549394175974,1.992140941042608,20.586360946282284,351.0568827111297,1.6949001637618895,56.58616476370631,2563.809413025278,1.9738211991016636,11.299887007990055,127.65555535507403,1.2543155068814353,4.581935986473947,21.053483281608408,1.628067829926631,1.0,1.0,1.0,1.0,happy
32.17157387759663,820.1988698767233,1.8592107673503278,25.016280924640146,612.7892146518936,1.3779915006201384,25.989955867510428,678.5136474926637,1.2571711555515517,15.633763417459896,244.4412543350883,2.2555344993421658,2.0668166195943383,5.550862544601019,1.4045281622501582,20.467022389833602,429.75307017083964,1.2858050028704575,20.592884827749177,406.4449157226896,1.5936111706854774,45.445666093144595,2069.003993149132,1.2588342012388976,22.233514116994094,637.2539466168279,2.1456294181510662,3.023947728440826,9.14265202569856,1.96687579709465,41.502266309372246,1799.507407931995,2.276163086810148,22.068864367869377,470.5077515356074,2.255037440464069,44.9715469121173,2024.3464945367998,1.2569997116886982,12.134111823979403,146.39195658120485,1.257568751848988,4.345208935701459,18.881819764632453,1.2580730873396417,17.045751232492297,384.85376200291483,1.8033507229865926,15.367361275739082,235.30207389103296,1.2562656304490665,61.75198265185555,3766.541313402144,2.253743335744761,16.329786071379523,226.25420879733488,2.2850062707246863,2.1571335457954746,4.658131852379103,1.2530646850604286,30.565103195427447,610.109129042119,2.3704916110067207,8.384661339505008,44.953975494086016,1.8380857496071241,65.37230650063792,4136.638741179563,2.5615469493850154,4.375077333233459,19.175043737595335,1.2598236438829473,5.533853310977068,30.40988369658924,2.5130186554762934,26.654535403453586,866.985918786621,1.471101167861944,18.695387742743907,284.29396600103394,2.528278536034295,42.07982039972739,2436.043290861816,1.588807408735384,4.332292957705804,18.672870265031957,1.2542184427468555,5.665782035122217,32.58149821790123,2.245084743994978,37.372877763868566,1532.2083162629897,2.4000949511895655,21.101290947570185,443.977739784596,1.2581027109839709,58.27649916283567,3452.3759483596477,2.135291236509557,12.572180314293782,158.25900693361817,1.649602257934685,5.2147630748946545,27.981449486305685,2.3397362079491515,22.185326277613996,346.6782858406129,1.2392423604203853,23.492033441784624,487.44871569538816,1.7388646866928845,27.29050491029915,746.2285863708439,1.258620131116019,8.100676009363907,65.26774563783276,2.1459260656067474,5.5345056126811025,30.481210825715078,1.948908304801557,15.48026043742435,238.93648764911993,1.2629345652263262,26.764442427626634,679.8251644219888,1.936561410383279,23.193180370812502,538.504061818165,1.256885471820904,18.299575495587778,333.1230198078743,2.7656870043478397,4.139042597009658,17.097307313483327,2.2964245170768605,17.54377454041888,312.8295331140007,1.7824660918518753,16.55981085027765,250.08874261207887,2.528072541522317,28.672051215942325,883.7635386900084,2.09535516968646,10.891694769515299,118.95094227617967,1.2578546864766813,4.1410667789406155,17.225808822860213,1.2591779806440446,11.043182502717771,125.70282508902606,1.3021681561635405,18.833155886495348,366.7895110700857,1.8810503252500035,33.25548841112774,1112.320740281293,1.2563747650407064,20.07977310737189,400.0723254766539,2.4028836247786116,2.6454029709814337,7.026619873407781,1.255656915706612,25.45184756886206,617.4478505280622,2.047895911807427,17.01367106465957,195.58314623848537,1.5751191614053321,40.42012432362073,1310.4724361520073,2.040960168141667,14.982224534471197,228.0721293065893,2.4869530160943953,4.714086649855184,22.137567393706316,1.2555590437586315,23.87654492275083,560.7338986254144,2.0327349377661834,16.62600107546595,280.33410418080746,2.260187826048792,71.87321456155826,5329.570803330824,1.5343951427367806,12.610170486220273,158.27261620471808,1.7407785128678779,5.729426551723707,32.55986045786928,1.7600229865472619,45.762374420468724,2579.8247789996453,2.09756144321589,35.70319836255707,1517.4349400310755,1.325756788002843,50.53086876740998,4651.845768194086,1.665396819711285,10.113626303880938,105.3854571599998,2.639266217433785,4.834466927239566,23.595855746132,2.757867291137821,16.461354227368176,268.4838007652425,1.2601800313875577,20.62916418616507,422.43621232006217,1.26629135466975,34.8444755104189,1216.9351478702024,1.259815256864688,6.22701442061104,40.05342785235347,2.2230005862765094,4.672860372633035,21.862197672919844,1.588862488289252,35.72537024096014,1348.1830683652327,2.31254364296834,16.27644363976802,260.176630721241,2.0102160935723274,39.28781417388341,1510.2638872416248,1.9326094973331451,11.630299461851079,137.44087516461045,2.5212914651534954,1.0029318722732337,1.0067703488782902,1.2536687895341974,31.70300263728442,1072.6766004454316,2.345425299878839,22.131435898183163,494.2691015600353,1.258411759880619,36.41079891160689,1321.5744129818654,1.2591914884258322,5.022889220288615,25.173206419604842,1.2560797915193584,3.594403598798689,12.926325219171598,2.127431213255936,19.197408024029595,367.82819490384304,1.26022917761374,29.492469127622822,833.4663598918181,1.2799852983937086,28.120904149796203,803.4206494037954,2.1398931675141792,16.608830208756793,274.035505376942,2.3011647617342685,4.599795040189227,21.485424922554945,2.7053640652255426,34.91139087991732,1174.037546849508,2.300903455865089,17.581334577720778,349.48788496670073,1.5887674623213788,40.56178989742386,1646.1426135783063,1.2568940600240057,17.240096874643193,299.6970981093451,2.2487500326674743,4.948626424738696,24.458409529201884,1.2579870697557771,22.1897189995081,481.543894224543,1.9091444623747058,20.588028171674974,349.3591666025196,1.6840460709824587,60.216985250018084,2351.434774029783,1.9955908869551282,11.299267919129761,127.72613643431148,1.2549735009707232,4.583442320133759,21.067251420216817,1.630408469705521,1.0,1.0,1.0,1.0,happy
31.382334992468042,920.382834553987,1.876433803639359,30.716952569678682,1115.2133654914728,1.313738027050612,26.010278321920318,678.4443492270633,1.254082071557432,15.577788942586661,244.84547799631372,2.2550304154626373,1.7182795614816118,1.125740727973748,1.485883735737827,20.785515158644163,429.68727251416914,1.2605697301866736,17.40071553031168,258.0841491008827,1.656758215315841,45.511767233298436,2065.2407886598808,1.2578812055237094,19.757333426242514,293.77829439112037,2.4998502405502316,3.022410124407856,9.147237165865302,1.9674677345701659,33.5575609603957,1062.0665002580438,2.207429453760743,23.63748322877378,602.4491720787055,2.206205220458492,44.964486023780246,2016.5224794561982,1.2551757629120424,12.13386211568456,146.5015614725366,1.258637597174351,4.345979691451562,18.867808309857125,1.2567952562686253,14.154939651252011,72.43868181433794,2.1883608662417644,15.41374290545959,235.55991624405553,1.2549613849616679,61.681211037322235,3767.748408626728,2.253822231655781,16.569545284121467,210.8840658328669,2.176266476123363,2.1535760596032554,4.649836509642961,1.2531401518339573,35.533160236248555,1614.9941724702712,1.9630513115025308,11.552139296282123,81.37077792799728,1.7419426351396696,66.93269708367582,4151.605286653336,2.5668230461680537,4.387040771056476,19.224247943647804,1.2591839327622008,5.570194360984676,30.373581961922792,2.517001263380142,26.697668923610273,828.4736543644818,1.432299048294453,17.84920888488959,321.2581443826291,2.5776237359212333,43.738220403803886,1601.9153996907824,1.360195166428582,4.331536970573132,18.810632958486845,1.255790881151576,5.7275869322066875,32.63936709440764,2.246250333556307,41.24091147214612,1062.709185970416,2.5093539725596044,21.195271425922,445.8648500865439,1.2592031373051682,56.30928685289518,4495.797218057765,1.9882171905732444,12.59318794809427,157.01577992690486,1.641485847417593,5.276739245665739,27.85038370589823,2.3381784026764056,26.098442875409045,566.1635610977319,1.318746981323442,23.750992432716142,494.69474975742634,1.734486983820262,27.27993396220898,743.3469870692761,1.2602070174824669,8.056304486191173,65.41070101369972,2.143971880000325,5.5337078398340696,30.49753261736381,1.9489627899570903,15.440375639528911,237.76800749802186,1.2623182454780948,26.66595625675085,664.825585935306,1.9343039587865292,23.26764618173751,540.6066020522426,1.2589297154007248,18.164720894230168,331.9770651471528,2.7730654841298965,4.127428277011997,17.12136058940291,2.299990733887034,18.621404156181292,207.84488975254484,1.9433895016938423,16.548139216747167,250.25582446935886,2.519485570618361,30.57952972165623,886.937253325946,2.0977962659768616,10.907257092116554,118.66850060365063,1.2581114967097238,4.1410309058362165,17.177520548094883,1.2575152275684887,11.164147625623956,125.21325980456227,1.2724901419495538,19.560070098487103,369.23302876654463,1.903872678698214,33.40259519484865,1110.1453923194847,1.2544476959949853,19.700094839609218,398.8380172562522,2.4003874356582746,2.647649831364904,7.003877394214314,1.2532264752990196,27.69343746012546,724.8354888786008,1.9940680491791447,22.47381233182312,712.579546990637,1.7134015513871974,42.327566535561346,1046.6813450190973,2.047710590236244,14.886140158465823,227.86765594153056,2.4881057671551456,4.715070151942318,22.200453079708275,1.2551316568028887,28.706524638055456,829.2542104280012,1.872700082601031,16.613701667266994,279.2433658179316,2.258302518291368,79.41554830534515,6182.025671949211,1.5573495068975962,12.814487047838421,158.5592272997728,1.7426070335097397,5.71996394425435,32.57084924890777,1.75858580365191,39.19180190905583,1696.657547577677,2.3836905930489825,23.297634704247653,399.80704560357066,1.5798963477466008,58.567179858729524,2711.1077937302484,1.84708689723935,10.17303588823859,105.19234139336857,2.64998984177537,4.831343425136679,23.665788999429417,2.758885436927462,16.488375884314276,268.71305586701135,1.2596310309749743,20.39331516691048,421.9212701446699,1.2700960737932485,34.82303411735381,1213.504894765135,1.2586023400477202,6.367188928253327,40.171499701595685,2.229259402907833,4.676820289942003,21.744142642041634,1.590120988121192,35.03230575774978,1389.2602322090806,2.3402330392898145,16.00527415925182,264.2465856797215,2.0413580838149095,39.10854889934215,1514.9241504573374,1.9301756755373456,11.786582873645063,138.13806275045874,2.5202693811611168,1.0031488923478686,1.0044453424394157,1.2514087022127207,28.49516772051285,930.6157614125733,2.1400647217151927,22.323092502979996,494.1230596462467,1.2565104102507416,36.298906061552366,1325.6221921710162,1.2597489728955893,5.017477894578064,25.174372060355466,1.2551873675608864,3.601115367547193,12.91954720363911,2.1262673089165127,19.20553333495792,367.5904574891066,1.2597224074084015,38.51644377421421,1500.2372808207062,1.2701445713117954,27.42607109475032,799.5007823900726,2.131448052180451,16.611716958340022,274.08528964316554,2.294391027438615,4.585302163264713,21.45254843131027,2.7080455494013655,35.81553907486156,1234.0283780927555,2.336223990685181,17.079614205258288,385.759295193605,1.5697687810616774,40.76162751786289,1655.0170939391012,1.259315579053291,17.261166323742202,296.44424013473065,2.2474770475104657,4.929639203876451,24.379828415980032,1.2585693804454652,25.342548247421345,634.6453110223518,1.79436486745812,20.612522708037403,350.4598244799423,1.673483882217886,71.8156508693304,5122.342102388202,2.072095727213072,11.304073174580655,127.86073436178789,1.253818834054595,4.584364219624213,21.065471760161394,1.6277729729101562,1.0,1.0,1.0,1.0,happy
31.188984173200648,1048.0210392297208,1.8856488576525592,22.99853683183541,512.7178930743834,1.4200075905475011,26.096345897789227,680.1440397790755,1.253356035409968,15.67367591745162,244.31229381854982,2.2554573263951916,2.1165412931448193,6.154590683645393,1.3842304885361636,20.953550643053493,429.410813606066,1.263608639001849,20.216231368370277,399.3470859851604,1.5968692195243468,45.46460608908983,2068.6989407932724,1.2583644359409278,20.801384283346724,433.2806964643967,2.364779120941158,3.0261021264587797,9.130303534939067,1.9698145214303806,36.364458792410765,1153.072781820812,2.287558281230162,27.28312466294001,718.3379297123464,2.16462832510914,44.869932490366864,2012.8559557693734,1.255894159076181,12.103405289792024,146.69817471347963,1.2591898459015611,4.342684361492875,18.89560478481822,1.2587800864563978,15.741292432113967,198.7392445819826,1.9738785661514706,15.436131386683375,236.2596489650253,1.2597821798648965,61.51451115002321,3763.5214745864314,2.255657155658605,16.67950753918726,205.7019255358381,2.0598979648035036,2.1572139609810295,4.654556658018475,1.252523154583723,30.425658065935124,647.9964106728023,2.328437365477749,14.412189490098408,226.20355523241722,1.649369393858648,62.83671085051099,4156.959896957102,2.5596555162214916,4.377458488412553,19.197177603514984,1.2579856376500596,5.426923309967489,30.29721342128209,2.5165766664535223,27.21816678215012,771.7182758864176,1.3366177432443795,15.979665777289055,340.2801478651367,2.422951617805563,43.38995734524663,2515.6743556286115,1.6502330962433185,4.32869420125514,18.748493043808704,1.2546651199324168,5.734090795628776,32.65092487544125,2.2453695015633928,34.519046074402446,2005.4066434150309,2.1010793362184352,21.16440901608191,444.2126919111659,1.258836581555324,65.27099106855246,2049.913395759519,2.437711649499035,12.482312599137131,157.6757093294463,1.6445554235334543,5.356331713803142,27.96828392013648,2.334903095009467,32.38859863674577,1321.6903775503042,1.3372773228494517,22.82593875551351,713.5447239833954,1.5940629533589692,27.27982829026714,744.5131376647391,1.2601869230382134,8.098693095557694,65.3814530196242,2.1446954182929976,5.52012847305251,30.48179838999489,1.951546305285511,15.41999635945739,237.22273335881025,1.2626237520772696,26.850157999634064,642.588612962308,1.9066693221967066,23.234901594493525,541.3807198488084,1.2585082825295812,18.26507721006677,332.5114189803494,2.776051491402097,4.129931051419143,17.13759368953565,2.3017244954213707,16.273695058986956,489.75818048104185,1.594703536528591,15.811120717829109,249.2837992469034,2.519418214718423,30.063988979062554,885.3597027157165,2.097910051680057,10.897770050326676,118.49661112127703,1.2569513993336991,4.147727829764873,17.195554203479347,1.2592750853518577,11.326670251940014,125.12430650852886,1.2617373851589113,19.54845472281827,369.3195235492768,1.893385630431558,33.34891978503424,1112.8215666251688,1.2599512025931952,20.06627173743032,401.11403073250074,2.403457511878546,2.6492440029574236,7.028130832724276,1.255110249660093,32.41793556926716,1032.0607363728973,1.8647338894391225,24.653190351490775,525.7522311895888,1.5140897080370304,40.90356976836486,1292.1692762280807,2.045504676650281,15.632132393798758,228.3198256852398,2.482208820291106,4.712754139910915,22.212041830886655,1.25470608793738,30.966218165289035,984.4170204654746,1.8132047871396344,16.605527276007884,278.8270272307286,2.259699052310028,82.30468963505689,6782.948019522017,1.5078933939203019,12.40627794176355,158.82080814686896,1.7506548440601886,5.710625962516786,32.56464057520557,1.7599133093004344,37.88670368559848,978.4230458138767,2.4277189922631535,21.70717194535886,305.2173034410038,1.6258487497115486,60.93097300484641,2183.452874275232,1.804543120461717,10.3195359011383,105.30074211370861,2.6647962957539075,4.831691728517007,23.633895089076685,2.7597778599225147,16.50935853769512,269.02225428896253,1.2603524427989985,20.588601996961394,420.9338043832401,1.2548157383614487,34.818412969363585,1209.665965472163,1.2574750960355605,6.491117602512286,40.16257795758088,2.2342520031595727,4.664745415071652,21.856967955322844,1.5901406470544557,36.510185606883674,1323.5247223370638,2.285469727210259,16.478955515239225,266.8142251311489,2.074728509405795,39.051879424380246,1517.9540753093927,1.9298177791107465,11.875929835115617,137.83552743730831,2.5191243768783806,1.0036324997168224,1.0063299448595928,1.2510077547261356,31.576179617316896,1017.7354559337816,2.3186404131565412,22.190851732742342,494.55396812425766,1.2645742379987894,36.409225420342345,1323.089500686845,1.2599192913787867,5.011561691208845,25.20027501331855,1.2560695815627803,3.6038546328967835,13.022695554524443,2.1273267596036503,19.21788795800619,369.21815699246264,1.261564983838453,45.335354546675475,2116.453026576,1.2638802361426085,28.187768242103335,804.31981083884,2.1355084123955708,16.70192964553006,273.5037862838013,2.3006219524507285,4.645302347103908,21.4493407167167,2.6870519243117705,35.49256392732541,1261.960511739562,2.3650786677446,18.954223506231806,191.95915063947373,1.2901349353536058,40.869926889709866,1656.9441375070198,1.2586880088411574,17.2350345044046,298.776786251128,2.249127329152957,4.934300049112694,24.264349837348334,1.2571322010671306,29.111579710312828,820.8114169341573,1.7146454717291655,20.614982314219997,349.2159118978198,1.664260190015173,71.46978246805749,6451.037961820249,2.023566728561107,11.286618723216025,127.39609543764394,1.2543504052866736,4.582189258498764,21.040575232035003,1.6287122811672383,1.0,1.0,1.0,0.9999999999999999,happy
30.205224181205036,1143.0508712035655,1.8879893708327198,17.31644033982373,126.05672191472496,1.4603595486807288,26.147202004261253,684.2849360805342,1.2583413871741906,15.687788184819027,243.41431864260466,2.2551615941742917,1.8279364850437243,2.4817216172985495,1.5858145579063416,20.614784391657828,429.21246933990574,1.2832627215514332,24.552211911474338,646.21565626317,1.4988317355438951,45.60170937481659,2082.436116860123,1.259366705012534,21.622519857662244,558.7470811172848,2.2283873555336684,3.0243618824830256,9.174513381448708,1.9654610006360986,43.46160341859487,1926.6973466872623,2.204240476173033,27.550086949651885,765.0479690100913,2.1341358973055464,44.889702351598665,2013.9292584481348,1.2569452081566717,12.073175232168584,146.49276712219017,1.2604258870439757,4.340751612644584,18.818566019093335,1.2582904685424843,16.73523386108977,398.92374575820264,1.8130744054820869,15.422184396276744,236.5444560074738,1.262766108770152,61.24455333411284,3786.4617451913414,2.254317152375959,16.655519635119116,210.350573681632,2.1500160679407565,2.156402496646518,4.655012847948951,1.2532492696697504,31.990251812518625,901.6092069483047,2.2231979597291485,17.124175958508552,399.5841727848373,1.5741531739696186,62.109732035295146,4140.867324326789,2.5546049754420683,4.381925837053437,19.183200199443903,1.2584805504223286,5.516471594196701,30.266520408562016,2.5155640946989664,26.229194639997537,911.1846464630692,1.504477284801934,16.624260722507582,343.3454746891549,2.4794861992804003,47.86193770513107,2988.5734333653772,1.7979338270476892,4.3243666608660645,18.74308340301535,1.2545707741776695,5.665000895667161,32.674238970915475,2.2451437777948775,37.405628925645885,781.1912999203357,2.47077017394428,21.055320589218418,443.58708045195476,1.2588820775980607,57.26064152219041,5017.565454877124,2.0196506209038754,12.607811802604116,158.45699268366792,1.6461801657200703,5.327475706760294,27.929830240021364,2.3388423905064557,27.414213794271788,655.3878027228009,1.3026032907350111,24.206299328982944,298.0122673314278,1.805944929699666,27.32978794244272,745.0591383972088,1.2584740948875368,8.084118704013052,65.49363269808825,2.144226327466244,5.520512922603731,30.4682599436847,1.947548788867613,15.414886527676043,237.63377242368617,1.2671445795217076,26.840389661901096,632.3667695555301,1.8983222945107139,23.235487561911736,537.0796789241698,1.2565432267846035,18.2276524925344,334.38757239312577,2.774582254852464,4.132252168319965,17.0838986713917,2.3003353397580475,19.495247453428902,186.36776775334295,1.9698369317044384,15.497168481122042,245.5262533252869,2.5178936845100686,28.622761846816744,877.0447850439645,2.094518869522836,10.888334345058711,118.83638138624373,1.2584424325500125,4.1514003207027015,17.22060033248066,1.2588904147410234,11.095522473060768,125.10524341864753,1.2978752697715894,18.770324640755835,367.0987001421339,1.866814542555242,33.263698275337575,1109.8346505504169,1.254526261152274,20.30624532168916,399.5122887024657,2.3989639332499304,2.645815040454025,7.0337342023137,1.2561858747695493,35.35932204209719,1260.8653308839541,1.7959600248580894,17.78336248032137,147.3122367000127,1.741582744050829,37.34441699322027,1809.1924550662034,1.924589972196286,15.000890299567066,227.13523979285515,2.4825655844928285,4.716623166605945,22.20796117961902,1.2521874271679907,30.31029870892564,945.7507972844428,1.815693635227816,16.67532628410993,280.21145419354286,2.258022241183022,83.97699086870318,7216.825317726727,1.476550958784917,12.456610877545788,157.59438329238026,1.7398491732869097,5.695644845758398,32.51027456850082,1.761091782470024,46.78087055710923,2523.61226004004,2.044920421768923,33.02215979022132,1280.9448730008462,1.3222189441057102,51.15808771360817,4504.206342933945,1.6781515721986122,10.44092504656396,105.65669508376457,2.676152434807616,4.921706269143406,23.59489286127815,2.7555813242058553,16.494984569837193,269.78722227206015,1.2619432645286262,20.54398264454192,421.278654935472,1.2720276298910331,34.80245603499521,1212.9217184302338,1.2566482709769764,6.507087668929727,40.18111224467306,2.2351985470830185,4.6717291555394596,21.87546746763541,1.591713919204716,35.79666469921153,1271.1399500609969,2.2324546958532294,16.522720896559658,269.195459016591,2.081332779672417,38.58907458739165,1515.1061341901786,1.931527670353551,11.881854602046994,137.67835276285166,2.5218781969797712,1.0036035580147469,1.0055294701966493,1.2516722504963915,31.727784906463857,1104.388915393925,2.35021460843009,22.19072464607825,495.32930599319695,1.2552017103160786,36.40496535898856,1318.9102686775232,1.2600815117740805,5.016842066864158,25.201312091815204,1.2585585423196186,3.6013176465189423,12.92605975738195,2.1238805672627823,19.2194874829192,367.1816376691823,1.2585454195153472,48.67908048911635,2425.3945367724746,1.2614461943351911,29.087897628131508,803.734530824406,2.1474407016459884,16.57376004508891,274.31027766940565,2.29915828063392,4.593935961470057,21.397084643473033,2.7177107659794646,34.02083140363538,1214.4909929883522,2.3591908668358523,16.77708016674155,422.2976595769739,1.5494429301676305,40.763107658596574,1669.6766188692507,1.260789028918303,17.229778036550762,297.4751715181806,2.2478046636982953,4.9346117343326625,24.381557251651653,1.2589634018324307,31.588916340374773,1011.8263805615367,1.6449485521584224,20.58626290639619,349.4684513850799,1.6659639243322555,57.402818216611735,4406.969100024646,2.048604901872077,11.285286169787861,127.09184184973304,1.2520336086491657,4.588839042816665,21.145483013904173,1.627595767319187,1.0,1.0,1.0,1.0,happy
29.40527823552924,1178.1084944338522,1.8421551350706855,27.12855729919737,805.857353580121,1.3548316805905705,26.089017433713437,676.0511824721698,1.2579251353905818,15.585267813086475,244.54156825696185,2.2557362626649065,1.9094131604440345,3.349244924889354,1.5193454714730195,20.51651979318349,430.88724916106173,1.2791805564757062,25.188753317363286,672.6826251332743,1.487322145847798,45.50808251525894,2066.8193714264953,1.2559917983475493,18.976565188026264,222.4148172554499,2.376808072419377,3.0290495177163623,9.176406273085203,1.9654871884689014,45.22068323530159,2195.2007065494035,2.1703714483647656,26.091716201637087,734.54788244579,2.1440074580473407,44.89786726985933,2016.498395404913,1.2575943430210335,12.069552329553094,146.29566121531164,1.259994746602509,4.342426167418983,18.900009871717696,1.2603070256200752,11.9463463819824,142.00557712989985,2.037242569213873,15.371267625889276,235.9803749713742,1.2663840025568327,60.87480639398397,3774.57965934647,2.24961007246875,16.61260431917792,223.8654935124355,2.282077886370318,2.1578331528115444,4.666689552133974,1.2554464435579087,35.826805995562495,1560.3049104573454,2.0150970844318423,21.169363152250266,446.3834997451948,1.4917260010835736,66.49412430631061,4157.2684816805995,2.564803041327838,4.375266683593251,19.14603377495614,1.258631989568842,5.571458899628549,30.38040341992427,2.516387254187854,27.445364159309708,721.7796927681976,1.1718419972149472,18.376256756383192,321.0262337993763,2.5957100750330997,56.564118063266804,1890.393217800107,1.7638937954844973,4.325838623939482,18.597821802416476,1.253836756540029,5.760511866907919,32.681010361415915,2.246142116302017,36.28227242948034,1662.605961503437,2.0357459308311268,20.981088216611255,445.0063699135284,1.259369929225221,58.978362125918224,2893.3622942099355,2.2537553354217255,12.621403893523345,158.2854803056752,1.6442862298766163,5.2274025947743965,27.812191086229003,2.335578481661383,23.129263475450372,430.65178768642517,1.2700587049265721,22.301746555492898,856.7839235509731,1.5270690042261692,27.283014656650696,746.1130108300531,1.259104404554267,8.074745707380258,65.24531920236983,2.141731735520173,5.518810370860957,30.47482433251344,1.9434215086426745,15.426997964693992,238.51618002509488,1.265881592473485,26.904013730089943,616.5107753496542,1.8737203836172414,23.18147107073322,538.8365928965007,1.2590409564064275,18.3638397970731,332.82779404716274,2.7643737144931553,4.1344724721705255,17.17284253379824,2.3069553517073773,17.94832396687358,348.84777895878426,1.7552188676992706,16.15851254100837,247.36453900894287,2.518596544269669,30.597976470493684,889.8596579979912,2.0960760635040647,10.910229234910037,119.32677186746203,1.2567241374861942,4.153487010807053,17.178477865092706,1.2568510062233405,11.067515302687164,125.27725064363258,1.2867379210281726,18.878141760294614,366.66664300077207,1.8712654982841304,33.47736599594652,1114.4518885139628,1.2564790230849994,19.66975836411046,398.2239473718871,2.3984333007767034,2.642187125564442,6.977743277590771,1.255293050729062,34.475949828181825,1207.4261482924578,1.8053650707370874,21.73728062555857,697.0429873791207,1.7265264338533668,35.526865153347224,2017.1980717799206,1.8655658875737813,14.830557659824464,228.33679331413973,2.4812928098834397,4.718707147389892,22.35057485471915,1.254807718225577,26.788746279731775,732.9030460416604,1.9264458209963724,16.671377882594676,279.46358723191,2.257122496897238,88.21598420897647,7644.374824638344,1.5224422079854225,12.835008819177093,158.64982655095406,1.7443763920597377,5.687638877052839,32.774760780083646,1.7646640856620712,40.467498541466945,1665.3058831614105,2.293759192115892,30.158093985873737,996.2923549392611,1.352157985087337,56.225521280190534,3272.069116077466,1.8094509661683924,10.424568055745839,105.04693899489244,2.671294751979794,4.868164225541933,23.625189191311623,2.755241619370736,16.462928843452698,268.46271575758016,1.257751377040007,20.357791189648953,420.36197490284786,1.2684448824747645,34.80060602279651,1208.8711882335422,1.2549216044208285,6.4175080638805735,40.07462250811345,2.2307914825460684,4.678610772897881,21.860426936685265,1.59435669904819,34.5132482913638,1424.8329953402883,2.35338145263123,16.15755778795653,265.4641969109566,2.049294834330464,38.28227298023616,1517.6096413052203,1.9262330177861686,11.761258627501904,138.00621789784458,2.5200857324971,1.0026648847672344,1.0045154473766642,1.2536939894409342,28.72161547803427,956.4185326918579,2.2234474429227506,22.32158864791467,491.27260515953026,1.2561169587472187,36.24940741347765,1322.0276874058084,1.259448633667065,5.027794487339632,25.225596375911945,1.2570546540408665,3.597862206601011,12.97426640525094,2.1283124856670232,19.209292234278887,367.0243843445691,1.2588808668897635,47.53430867026553,2279.963803365964,1.2631739448440455,28.856909899546537,806.7280335637819,2.1438814206134604,16.567947500685616,274.3717593267233,2.3019675539656794,4.776823647148869,21.448470330039278,2.6880879311245205,31.808301961438698,1147.5977385915817,2.1466386618245132,17.878366532927082,299.29590348765225,1.6078517177301288,40.60147987413024,1661.5645599184,1.2593759660063657,17.301723440346485,298.50849604836003,2.2499399350099685,4.930625834354365,24.393411335322103,1.2579744917209306,34.681696413374084,1190.8707724054418,1.6051866505955579,20.56618983605942,347.3693981616165,1.6701084823587198,50.53731608769074,2264.9629621014797,1.652344926671693,11.320803983519133,127.97368917098684,1.2537207393155134,4.591133849109898,21.201509094582647,1.630857343586904,1.0,1.0,1.0,1.0,happy
30.51820810883743,1146.984528172745,1.884061726251899,29.98086353242438,1055.0448779031303,1.3188067685579914,26.05830979817526,680.2081719111094,1.2623258111513496,15.646384123936654,245.02412295976544,2.2562739741915196,2.0711217182863835,5.622278363877989,1.4010409028620474,20.89878550944913,430.68610386048874,1.2573006234959283,21.34932423142709,446.7050996369031,1.5687086619332218,45.436473727522916,2062.809799058893,1.2589456779571548,22.192736005686463,628.0844391935243,2.1540930867839982,3.030815434441684,9.175549177058,1.968978175097753,40.0524609144396,1558.857564780088,2.291126475531752,25.93087048649668,635.6074595585104,2.203733881090544,44.89038693939382,2014.61118144058,1.255933973613019,12.100500986506844,145.8870965683243,1.258995078802288,4.346638151062464,18.92690084185947,1.2594952412477376,14.93300056239311,200.44088219193003,1.9611332723446409,15.307281014421317,236.1921845709002,1.2672660435483862,60.848254236848604,3775.9687555947216,2.2461745874016064,16.18916328732291,244.62547366046903,2.3384369430825163,2.1605576734044476,4.67191251454136,1.2550282410519011,29.79864324958065,514.220708139149,2.2038346860471303,24.18563213647367,451.7023886755295,1.3325284338514314,66.39762390945256,4174.112376383661,2.5653471451920087,4.383168486070794,19.16486129784872,1.2592465529914496,5.445565341049177,30.372011492512755,2.516568823797991,26.23394776775621,915.833232554598,1.508394313951057,18.174386086059965,275.75709006583634,2.485696183888333,53.77095971302315,2211.4219021150725,1.8657744494529507,4.329069445438525,18.75512198089156,1.254654512605485,5.71462385653896,32.67833518655709,2.244723299423616,36.8344145237979,1334.8897086716547,2.1127072320952096,21.048647058674995,445.4702099049408,1.2576802005994168,58.31800322044025,2967.8903545676726,2.2040507525257453,12.51049427663206,158.81032085422575,1.6442128621501528,5.222447762084273,27.983488967600092,2.338996867885908,30.26760901188406,998.8430777087219,1.331626634104723,24.554413741287544,223.04458021614087,1.4064752675025256,27.320007012555905,743.4076201946751,1.25673970937806,8.098955117730487,65.43966543133541,2.1452556558887794,5.5105394728258945,30.46133508316003,1.946613691516938,15.428408319241466,238.7205583253514,1.2677253936360626,26.91896629150123,603.5936722154863,1.8587471661220807,23.207648798685074,537.7049361512428,1.2582113728509923,18.26655760516136,333.9177431929661,2.7674559198945596,4.133615401919204,17.145941792148143,2.3033825166146755,16.683643746362446,413.22586778055836,1.6669261257072805,16.644720112954786,247.97653993543824,2.5051163620967865,30.164733515237096,886.390585953704,2.10219048131395,10.915040527509122,118.8549826058719,1.256454130165058,4.15378861972574,17.27248383211141,1.259414715234226,11.315044397858994,124.94463432458119,1.254702861604001,19.61799766263689,372.03743735652955,1.9045299945152088,33.313063373095595,1110.8833554306334,1.257569515934636,19.793616788038758,398.7013295013566,2.4026175180521623,2.642078587914741,6.967136894241637,1.253370698819184,30.25101799300604,925.5808291355809,1.9093276671674881,24.84055930428798,619.8741724981728,1.5731989585855288,37.799606591152184,1706.845072080972,1.9488673266293979,14.978939315537971,227.90050035478788,2.4762296832743407,4.713071700842857,22.160631957473342,1.253237067157741,21.271263003744508,458.01868487053065,2.102039904290807,16.574576854276813,277.97207824917604,2.262081678924683,86.83291546423592,7627.056604777857,1.4772962317881022,12.53036179094537,159.00946657343601,1.7463114827473207,5.682899945560662,32.426773502774665,1.7534337172165566,36.73113800129053,995.3884625357163,2.450751766142777,18.133010163734312,148.53209993507906,1.5139724464224211,62.040811886795325,1885.498014277709,1.6397068597085762,10.299589881059076,105.20129624949982,2.6607780083667025,4.91245349806615,23.588934032406698,2.7544229072218647,16.433346530849985,270.52309635954396,1.2599794427294415,20.586037124396963,417.97784028503145,1.2523615659293652,34.78683450005531,1210.9910845869254,1.2584588481504142,6.284476185042556,40.06898542136853,2.222458307627704,4.674735800446221,21.820691407033088,1.5909021211719656,35.14322051750907,1347.4275965397594,2.3192466746505698,16.38451388752917,263.1446692384328,2.0197875851857794,38.67970693590262,1513.0146467128018,1.9290401926961216,11.634024938635635,137.40811970983734,2.523195099818298,1.003195064142928,1.0033876042677927,1.2529312542517839,31.365259805039678,975.2659640141197,2.266034248157821,22.117842679833302,495.4372304698602,1.2654628240162769,36.37989619186079,1323.8799566933567,1.2584519939258203,5.023015586175369,25.172101071140776,1.2549456433973563,3.6059244435798017,13.018011637721417,2.1272763669340264,19.21290563148667,367.5230952257571,1.2609367540572505,41.590473444275936,1742.1240787972924,1.270292969860421,27.824182627966362,805.7041222139293,2.1324591103724995,16.411046881442484,274.1973227122845,2.2978278239723515,4.535212010405769,21.478161244367502,2.7106586688344088,32.39195204619071,1171.3411892103059,2.240477990758953,18.67139868804857,235.89282568249808,1.5570163121268714,40.65967109255109,1653.677188261236,1.2580047164343031,17.37245339142302,298.82807338938835,2.247280886776282,4.9503439230557245,24.39118695284501,1.2567603332138488,35.96518291658985,1327.892772572,1.5732995619435064,20.562960371849787,349.14850037298123,1.680187770552837,64.88837957114812,2995.7438250075033,1.8703127511975723,11.319787404358264,128.14810223796638,1.2553109030698366,4.58160053441801,21.0703361903601,1.630494504606364,1.0,1.0,1.0,1.0,happy
30.717418647598098,1050.582129417306,1.889812223576896,20.687851240597883,327.3798930373738,1.4748947124592657,26.04346333352371,679.7094411440997,1.2580591537358368,15.708811296939038,244.7533611149092,2.2563290284676634,1.7154153417574673,1.1000443087684033,1.4653106644868408,20.944626756773378,431.8598433053613,1.268722046537986,17.59758803764941,265.1605430565696,1.6725029780366794,45.425835327498376,2064.5989206170802,1.2596298627989924,19.92380845608514,318.3955463691498,2.484669549849058,3.0243547952376804,9.181013426610491,1.9658171594944394,32.02592493386073,982.6910297510028,2.141157984333875,22.38914628708772,500.7383074537044,2.258110417476405,44.88269000637842,2014.2441351026398,1.2563223406527368,12.106003526339496,146.06625706657985,1.2600106293760174,4.348688146097668,18.89077766510287,1.2590703748752825,17.593928621723332,301.9073393673452,1.461579182864723,15.28927644731635,236.82020868724163,1.2659355733384556,61.2297703231918,3782.888234016987,2.2475365011338293,16.030914855939635,268.7058817442421,2.3353698304854302,2.1587629722046855,4.6517800573395744,1.2543699843163272,35.22591277042788,1374.751889469978,2.159318069312879,24.351332495889146,570.9831663086464,1.4275884668840653,61.96671813502579,4150.35970922916,2.55427942767924,4.37744715638422,19.207606234765127,1.2579529767088038,5.485716636043018,30.31239444457833,2.5174195415024307,27.130461121367908,759.9110673714243,1.3157555558058123,17.536983504717952,256.79155704671473,2.28100064892604,43.98553320446042,2830.580540030762,1.689326252687164,4.323072126633502,18.699598059911445,1.252541687231834,5.689641204071429,32.67633474778335,2.2434502386616213,36.99383587996034,941.7539664090787,2.405523197258868,21.161264337997153,447.32631468342845,1.2592803856421244,57.08857173026744,4923.006328990766,2.012965422788315,12.620199998280064,158.5450205758793,1.6442549547193874,5.2984343789255615,27.914642063069653,2.3365348876535443,30.498726273854025,971.8426396908878,1.3314580528849314,22.31640746142793,848.5571039773386,1.5278878350143215,27.317480219327983,746.4598993670585,1.2595842885435844,8.06892076651196,65.44278837551312,2.143085582532364,5.510862660751871,30.41410131612814,1.9436689988123725,15.405480255488975,237.80895773271018,1.266850343804639,26.929136327622786,597.7390648894427,1.8445023487665873,23.177921050355955,538.4371213534924,1.2593135344150292,18.193447403572296,332.81867044160396,2.7745047315940083,4.127798100542194,17.12179268663029,2.300457715263192,18.837950593998183,153.80856768723555,1.7328720955239278,16.326036301488163,246.50510941810526,2.4959611623757105,28.640492130312516,885.0335082958069,2.101191885302563,10.903169629964347,118.82060215861397,1.2570643330676516,4.145943916360538,17.198111021972288,1.2597927388573598,11.20240877089503,125.2431861072608,1.2865994344392382,19.58116304623997,369.5630741590364,1.8998781017352975,33.27074545290573,1110.5599496270777,1.2543352963499468,20.386088474683593,400.73030079930334,2.404495798676085,2.646763545558026,7.018196962181218,1.2550828772058225,25.813902424322244,657.494357757682,2.024159320063038,18.805725827823757,112.62439667684312,2.0883357281936608,41.13264616440262,1205.6830402572662,2.053885186092817,14.924608948033175,227.42802338825834,2.482942080502874,4.707434141866936,22.18670117815762,1.2536261758418434,16.75830499224098,269.98305491389596,2.2582723413382424,16.659833534984223,279.3992355643388,2.2592048686054684,86.18667957875475,7524.262105701376,1.486381949713856,12.376141171880302,158.82136501902312,1.7467485495180153,5.685276181902321,32.54091378523989,1.7564612697583195,44.62953813809782,2610.3454157057217,2.1454638625975324,23.839639101263288,525.5456376336388,1.4098760318727785,52.747660171079076,4183.091049382226,1.7083666672493432,10.176369246985562,105.72564113733175,2.648833527728805,4.879761466458127,23.594335881730387,2.7568769445193153,16.362131668528257,266.52472741442807,1.2551898285232972,20.434519190131514,420.03320457323554,1.2728826025046893,34.8240752456513,1211.6200719277172,1.2565156243878035,6.188836350778832,40.122366972078254,2.2220117710433485,4.6703408555606245,21.879620264783025,1.5900743866153197,37.36077937895294,1270.4002261412647,2.2091461402821184,15.95175656896183,260.3310641462928,1.9775996834446266,38.72296375077857,1510.4084107051299,1.9348579921207294,11.576840052073626,137.6996984623006,2.521988398669679,1.0040001173612412,1.0120462259024954,1.2552125234774885,31.53817713665164,1110.2457188545923,2.3495132576977498,22.244706143230744,493.79388943976465,1.254574277089187,36.519337912935086,1324.198169829238,1.2586776237597412,5.015091387495899,25.183015796107306,1.2556130945266708,3.6058021789310017,12.981390938336324,2.127834098731012,19.224696474735172,368.6687972169869,1.2599877238941717,32.08482969889027,1028.8220669425043,1.2807534352694723,27.6162298214585,804.1061438340195,2.13007311175093,16.410562310036493,273.3172000887745,2.2952270281913303,4.544335594920971,21.50030740594763,2.70962121337794,34.78303169351965,1240.1124568948692,2.371390356551538,16.555619184831652,444.68714418696396,1.5348101908053446,40.78843238657984,1652.9775223040178,1.2614805110104226,17.300568670873776,298.4347864678815,2.247415695353094,4.939676361918731,24.412856585565745,1.2576298769204362,37.07165956808153,1403.3212668941376,1.5564942460101618,20.571960233462562,348.83294396314574,1.6928975982156234,75.56728719129337,4815.653910343857,1.9429080825663296,11.298792005307472,127.77900561117897,1.253725850274506,4.586295115158195,21.13011482772368,1.6274724417674777,1.0,1.0,1.0,0.9999999999999999,happy
31.17044486101384,931.0774879602527,1.8763585992704699,18.570519298676707,218.31543178601703,1.5677366099131664,26.04141275394317,681.60947139824,1.2550469434035552,15.591730670744989,245.39766651501753,2.2554952092983225,2.1132809560026136,6.1157642635326015,1.3879722528112861,20.54863450410346,431.45856283327726,1.2879513153049804,19.972196572386395,363.74343057158745,1.6165023840919441,45.55129023033595,2072.9334254861715,1.2593777286302434,20.56127425399031,402.8245483764948,2.4034275260372486,3.0325284545914775,9.165086390198661,1.9682774292141714,37.7749984152403,1357.3137397359428,2.329644051159048,18.86556711277929,382.0728677351985,2.2113540557370257,44.90199017525011,2020.8414120124191,1.2575156218844523,12.086419260386757,146.06340026276334,1.2612706141959895,4.344011052704912,18.834848474429325,1.2570947666942063,12.844108187487167,84.70718882518963,2.2679544215454275,15.308283591121274,235.3340086605778,1.2626005909531397,61.355213281311705,3786.7135389955206,2.252314717730295,16.147837079243516,291.5406355474002,2.3181651408045685,2.1599769734215535,4.668274324157356,1.2561901969273213,35.022708207073144,1400.01551894575,2.229076942351899,22.871075060959004,665.9335254264513,1.485025598220834,63.30913509341047,4159.8056932228,2.5544299279155456,4.384427971562482,19.17476072192135,1.258759565635859,5.591323650161548,30.36807784962457,2.5204207866364774,26.787817890188133,840.1058191039102,1.4469992158673155,18.08281878046499,301.3857156224514,2.528162118447033,42.697735291184244,1837.699964219657,1.465805689905865,4.325419397708186,18.685628262276527,1.2543131343667995,5.773654509679018,32.77508757832503,2.24591204075945,34.976363253745944,1975.7551836499981,2.070784953420819,21.193662160367495,443.2039502766952,1.25819323730268,65.78639132079199,2055.3130326233704,2.4401069815250525,12.59286548607909,157.87901938378675,1.6423480387100715,5.365487659322615,28.002960980885764,2.333912557769267,24.706896696891853,544.0479012969979,1.2913418564983543,24.312158380628183,306.0039769688974,1.8090067078475316,27.306885813376777,746.4627174399781,1.258489617332477,8.125610124812072,65.595248913153,2.14260321834769,5.5272227330118415,30.454908169964966,1.9438739004920276,15.396536016238302,238.59394177592608,1.2667158370341216,26.969501822762588,591.7716412526856,1.8359561226388266,23.239314873465588,539.067258112072,1.2567003301023192,18.262243825878723,332.6076809423549,2.7744080600831778,4.1394665066090965,17.0903935015382,2.302220886488647,16.391136457613452,468.05084854806296,1.6207153513004342,15.75649235181781,245.24235752084093,2.493942042821304,30.445905318340582,888.2834838120199,2.0934432285884856,10.888006667991352,118.76037678182888,1.2566061423269852,4.142938230061088,17.207859521950706,1.2597978517680868,11.041704138015755,125.36105165623617,1.2954782194617198,18.72720192959584,367.0514215816565,1.8695420970995527,33.433478178533306,1110.088232723028,1.2565999704674764,20.10731260930423,400.57865324508856,2.4034023103878392,2.64930758590623,7.019090715043813,1.2538839004815898,25.7074203826686,649.0112622959134,2.033471601806301,20.910784129742773,649.3819938387345,1.735425714919894,42.1839486801292,1055.1739424233685,2.047463617843579,15.482246163898386,228.7369550480637,2.4785501261440746,4.710644205859667,22.27932216801267,1.25582423463505,16.719857936836405,272.78109727323914,2.2483242206003737,16.7703446913784,277.03373865842104,2.2543768795630754,86.07670082972353,7292.382320928508,1.5245277626871494,12.803257710416842,158.86134004688228,1.7443805675030093,5.689370086849032,32.46573186917581,1.7586848565352138,40.29490937980095,1752.9347357321226,2.3874817623790543,31.38481938376911,1145.4208363584376,1.307173020497241,53.820150735483544,3795.082165790204,1.7480806495220913,10.11783393407856,105.31134039362279,2.649953843820906,4.818564267418666,23.439191423002857,2.7525125819607457,16.311478388040232,269.1256104591456,1.2594633872601957,20.381141886757028,418.96251223699346,1.2643623015436771,34.87138564667741,1215.3592265353752,1.2567670654454255,6.156270231017329,40.282039415216985,2.2253043965827883,4.672498432128559,21.756175162817208,1.5914282279166252,35.2393006003435,1335.499261891264,2.3087571988859694,16.111618582500682,261.40089612605055,1.9951029157855098,38.70896564996449,1516.343734426398,1.9342213574813916,11.652804291012888,138.3738415779891,2.520508495341902,1.0033274733382376,1.004955415588773,1.2518001999167796,29.689060814302117,999.9711661036633,2.2930553424747315,22.291499627474835,494.7227911698575,1.2639213433998289,36.342113566187734,1322.3978134450008,1.259347014927847,5.013857993646484,25.232320910034396,1.2569100820688563,3.593578523906325,12.93641018416982,2.1246461126434886,19.20905238566754,366.97540874064043,1.2598600737848036,21.44296727963095,431.7689184477225,1.3108825643830195,28.644353735593338,804.4195265242895,2.141244655747446,16.507131575376118,274.77486946053097,2.2983470457817634,4.794419958232179,21.5910204329223,2.6866761173529863,36.28090311623398,1267.8149454849677,2.3443588235968797,18.72930500088534,223.14948202364238,1.5150745399204684,40.7334822765079,1651.5253136654742,1.2599820176425045,17.279935645566,297.5738831568187,2.247423784897711,4.942632108030245,24.43370621217032,1.255939498273964,37.74426774025213,1435.3091633262961,1.556417441500424,20.593950146541314,352.29058474478,1.7123332090276655,67.48875441487279,4550.034968911555,2.0457428973834277,11.301530503147317,127.2548315270465,1.252004156998418,4.591478238263817,21.12728943495967,1.6299183811569018,0.9999999999999999,1.0,1.0,0.9999999999999999,happy
32.20158978720356,826.3040869744706,1.8620414980074802,29.321214024222584,968.1029152291278,1.322179340530518,26.064797266653567,681.1778548104975,1.2545978124389439,15.605869918896543,245.1013678174881,2.2555111419762217,1.8393065587672475,2.5877400671317354,1.5729790783666227,20.557170286343986,428.605960776984,1.2757017506457238,24.552371545185824,616.9102039531004,1.505057150323914,45.541275933547816,2082.1401580666848,1.2601148924889605,21.840704359432017,582.8911875400719,2.2006779621985366,3.0264229278488126,9.184298901384269,1.969013780520146,44.41320767331651,2113.6699809084735,2.199446725338987,19.00520974692199,327.4583919355726,2.1683408101738713,44.91767269997254,2015.3280201232535,1.2556822086631931,12.073674041327495,146.05629711255037,1.2591981212729662,4.339025029982981,18.861558834020908,1.2601614771081766,14.4489275765301,278.4093047369595,1.9898793434238318,15.356409734852981,235.97717990297087,1.2590395063375126,61.043911350195685,3783.3548823362394,2.2537223076236645,15.523134416695596,307.558624639021,2.2811669201982534,2.160538884648889,4.66535466002074,1.2553533278586038,29.519736699870442,627.6382915954497,2.290312593097618,21.89493370689256,541.6759880707483,1.478016265021303,67.06586736015355,4163.524822272827,2.5679183715262957,4.37383912537136,19.17677263885143,1.258697899783166,5.4527243436226644,30.266187965324633,2.513361083248112,26.56954793545962,857.6196115996602,1.4622307780347066,18.020780864437103,351.81267333177965,2.5892911714447284,42.869431835477,1943.073581341575,1.5228404582185713,4.333283444536326,18.74348450212695,1.2549070840699683,5.67478620107929,32.628862979201784,2.246654713809797,41.226651731515446,857.1666767496262,2.484426637757051,21.1525774405374,446.1658935818956,1.2607437071439866,56.538669712582156,4611.236299039905,1.9995999497082193,12.510127694203176,158.680740151024,1.6483540271621213,5.318974482084987,27.883861284804233,2.3314749251157427,27.44220290559543,680.3048825990093,1.252865467713044,22.917650777602017,697.9476015917533,1.6028438808306458,27.314147568709704,744.6666857267068,1.2592539527350237,8.06245784204698,65.28595020797296,2.1437566294940322,5.530804178480392,30.456360042316796,1.9525391171836775,15.376253363600595,237.4582630919591,1.267186130490132,26.940717675639192,590.125573144611,1.8269807478009983,23.21723435621194,537.7710129253027,1.2569890178983891,18.246930398514152,333.4939881982034,2.7726078773884635,4.143881137791848,17.18404709599203,2.3045248309265727,18.697235710882197,272.08093465312925,1.9034419808764733,15.752736965549675,243.36473828827434,2.488454623228376,29.99859630324961,885.9130777649283,2.096302889996618,10.880248429008935,118.25044642188017,1.2549471783192532,4.145609514466152,17.198154861257684,1.2588205614085357,11.264602533157047,125.72579467157237,1.2613994525097294,18.895192351533993,369.22588040055473,1.8736582815807605,33.256647055036375,1115.3522321306891,1.2590941029410725,19.55122537010528,400.26259445607786,2.397038833396462,2.650612013613701,7.017048291386629,1.254426001874901,30.10078514395193,905.255108212932,1.9178947747180126,24.636345422201217,717.288654853947,1.607897922338662,39.91296189105198,1402.3968692331703,2.0223829625268124,15.021862309170295,227.6612274748881,2.4817302926087046,4.71738806316719,22.290000711960655,1.2545731645243727,21.52381060346474,456.46328055600446,2.117480753195836,16.610123401762184,278.7761157910813,2.2668614698702885,81.17237781007908,6732.292962469432,1.4890922355552416,12.671403715684738,158.75042772983807,1.7481608031669722,5.704396299936412,32.584211387115936,1.7608003715931886,38.076513656799214,926.7045796387175,2.3741040836443514,25.606901324460054,680.4191221498705,1.3660465265231216,62.26111221103364,1785.2124672213731,1.5234759548691008,10.178791357271786,105.67107588309412,2.662947026624938,4.833503221150243,23.539668115742085,2.7568723825346804,16.28071653208005,268.6948150836907,1.2596084603477689,20.634599130845647,419.81714381239345,1.2557185123946961,34.841467293370904,1215.197398582339,1.2559019611961961,6.253879922481716,40.17943607975065,2.2246624692148904,4.666681010512957,21.71870931825793,1.5840406018924753,34.202504874980406,1446.1438297923155,2.3559824975090864,16.281627690981427,263.63572850651695,2.0308114105515434,39.15376685824766,1512.2850629943132,1.9303566260233462,11.789750905031633,138.23114181731222,2.518860474434978,1.0036127290455616,1.0081518589734577,1.2534435105307378,30.847950967256345,946.0929486815891,2.1877803715585986,22.112288152796694,491.6082170380325,1.2591894292371972,36.29529068840561,1325.5416033850565,1.2606331565027027,5.021061430156489,25.209595122879694,1.2561559203147536,3.602988566085225,12.9844178516618,2.126606873008316,19.210024676528597,367.2897016056862,1.2600842806109507,13.897595184788495,148.81961086765654,1.2521048801683223,29.160356112825525,804.9766710096327,2.150266129671585,16.554144653255694,274.3160569770347,2.296400705356519,4.572462285238644,21.414778338495793,2.7211694978709837,36.10438380944796,1222.443012527178,2.3455031202156706,17.808651803633392,319.30097360473303,1.6042196264294972,40.5937316283954,1652.2057548250718,1.258870124778106,17.402293455967087,298.4605363026663,2.248454239682142,4.940869467723695,24.365011035089545,1.2566442440958532,36.83991408413414,1385.5897418036402,1.5655250507001397,20.57852751343195,352.9620863511934,1.7306392942945523,49.274745770074404,2892.854352959518,1.8582091975859463,11.30681450537409,128.24745907469176,1.2564130961134194,4.585484064870756,21.1410371835971,1.6252346185249278,0.9999999999999999,1.0,0.9999999999999999,1.0,happy
32.45425725824687,770.9297947055727,1.7838160449949294,28.716546665216015,932.6436691060827,1.3310454633160596,26.094724176165073,679.7984371939683,1.2561626620124584,15.710007161481327,244.97033686242264,2.2549669063421165,1.902330159254035,3.2353787147565045,1.5267353627477962,20.904362580240957,429.50613784593656,1.255387998934512,25.4453330091464,692.5330120890591,1.4850212252290005,45.564122362012334,2072.016739733531,1.2603994170270187,18.913710939027034,215.78303230539007,2.336830897489992,3.027137861130332,9.160715060316415,1.9667947009364328,44.112391800558505,2073.948019889503,2.2061570924580423,19.491143573721594,350.82031599816264,2.198190952281019,44.873269794823905,2014.9283370208952,1.2563441040339243,12.086364280690562,147.1682350497278,1.2614481191270683,4.335434462769415,18.782229249016794,1.259337728903075,17.095433646734506,405.5519672355544,1.8151462058085905,15.412066188220999,236.39306035790966,1.2575996395678106,60.75419360969456,3755.5120526827764,2.251825264889365,15.480302358474974,315.9839352548355,2.2696986983342,2.161039496559888,4.655947645143947,1.2545677314701402,37.66714035160154,1736.400430830028,2.1164930667332027,20.80278426138613,333.84179420865473,1.3944132148587522,65.30632369248465,4154.021076630776,2.5616646462687935,4.380314395609799,19.12080702973806,1.2589008369476216,5.465032051229123,30.301174121656235,2.515952182324064,27.340169326584302,751.0194996519094,1.2882409994287451,16.50252212037373,348.9537226400995,2.4988932747719903,44.71150287299972,2922.564009150956,1.7142811091791375,4.328204168645922,18.70384836797634,1.2533132165861665,5.702928615383595,32.65061637111901,2.245622131820921,36.48180051751305,1815.6818487729397,2.253669427805695,21.083666836491386,445.8459111655478,1.258122183986416,57.88593001119825,3314.220497975049,2.134114096343369,12.645516142322316,158.60379479960693,1.6441601441652844,5.232016614175326,27.96926023529876,2.3366235428263726,29.647597657087214,1041.6530725174373,1.3313500157261322,23.417187153153247,510.02495736465374,1.72124053937782,27.301442880632184,746.1486245880599,1.2590595098887891,8.122336301178473,65.50727112896394,2.142246720455287,5.524203482419887,30.582234631322045,1.9510636326000246,15.375589222487532,237.81988788245633,1.2672097086957557,26.940543530456374,592.1326794468262,1.8322823374454755,23.218591637312183,540.6680337557265,1.259551537702708,18.36188444814021,333.3017236960159,2.7654884905168036,4.148567473205657,17.182150097214745,2.303684856953013,19.072066892722358,245.09770117274851,1.9206145337230347,16.347334336062367,244.06594763057038,2.4804115589301605,28.682027173646215,883.8082032163679,2.0962945101097796,10.901787558086609,118.89572814519063,1.2567283993528766,4.145785037536307,17.202123525356246,1.2601650146441477,11.290450062289473,124.98328972589523,1.2730089716977901,19.657816912483895,371.305204733272,1.9003005988144452,33.35920341858228,1112.048521534129,1.254998629283368,20.182698035176056,400.4036160952684,2.4022183544804108,2.6478955110497098,6.9835704843206186,1.2532182637458897,34.56345544787223,1198.8368563437355,1.8138659514167854,19.480196861582638,102.29068476979413,2.2121722417929086,36.721359990584446,1889.8701010720551,1.8988840848342072,14.877111744424683,227.82049014238044,2.483823633136491,4.719145546679826,22.243632727365384,1.2538292709934795,26.782604106808844,734.946242374122,1.919249619388481,16.634868125575622,279.2784400470033,2.2616826937677614,78.45759636869974,6139.213620170177,1.542592272377113,12.355757078493214,158.09039277117517,1.7429212315860814,5.727849734427488,32.61422072881331,1.7591560227682796,46.82169309611331,2512.415821880098,2.047956527945352,16.91278303125765,130.0150821889943,1.2444720708262165,54.894247217773334,3720.6437218649185,1.7614133722502563,10.281360885029727,105.4674853514014,2.6785832073573848,4.802848680040569,23.535924481177826,2.7588917280690324,16.281192092084396,269.04383006190506,1.2601013431559787,20.40341540120098,419.2965335627114,1.2739095169213595,34.80442801425616,1211.7525830101808,1.256475907641878,6.415910317192244,40.27847322271051,2.230265078397483,4.661386408855496,21.880805156010915,1.5906730709416368,36.01687738096061,1284.4361873730138,2.2462287776796632,16.302016493648527,267.22334643738395,2.0712409908772846,39.31073701248752,1511.579626197461,1.9330706357168665,11.870950439989018,137.56075684118755,2.5154698430355804,1.003263396521813,1.0060039672756282,1.252420543159845,31.297935010842252,1086.930284195027,2.3431972118873934,22.29922030031322,495.51292909645866,1.2549134485950384,36.440293861501246,1325.3254169932588,1.2608848612215091,5.03701146424778,25.22669053678863,1.2546808222223902,3.602818820417905,12.959429310324737,2.125738615809484,19.223608210212543,369.5656688945636,1.262073337963419,15.825720376249723,218.38594494523056,1.3019437046613296,28.3869632441376,803.4212883257046,2.144813410019771,16.748654802254443,275.2138767747873,2.2963220475677906,4.666567678999259,21.444677970044282,2.6861627775228016,33.72985416518037,1136.0860640677581,2.1959449465921135,16.77753317940148,407.12053423904274,1.5566922253114936,40.55171589436074,1661.019671276578,1.2608871933273373,17.42001043111579,299.15713220125394,2.2471561169304795,4.936422518636885,24.43324443886181,1.2581363940180386,36.09142392952548,1283.548755009616,1.5822113155071764,20.589826164283277,354.26499686200606,1.7458386015084955,51.07854618751543,2881.471042574676,1.8887657286240795,11.2904609601747,127.4609489436106,1.2549825496076386,4.590440966986778,21.134623428684982,1.6269655769902007,0.9999999999999999,1.0,1.0,1.0,happy
32.3181749306989,792.7679393116247,1.837238481501234,17.777191324007784,188.62985382569713,1.5724855587667526,26.17780202366266,681.2760865857998,1.2568388836556774,15.633602124845611,244.79783987949236,2.2546142581025945,2.0788321516270414,5.723654865367484,1.3992154452918204,20.836106604023172,428.34098732596124,1.2692268350807978,21.72071701694947,490.5042605644942,1.5525872909857712,45.48055730472409,2070.383102915014,1.2601579621604677,22.108963984603527,615.1078962871065,2.1697879614342206,3.0329005743640827,9.172558288329157,1.9680094464566493,38.78451935996916,1309.5879400156564,2.2785302397581053,20.359303868820046,441.9845700938946,2.241411757600141,44.899386512016356,2015.1177692159558,1.2571642722230645,12.097188024479886,145.98850503079115,1.2585292122780392,4.336043928896265,18.83769981076956,1.258834358961361,13.991587736652322,83.25724052268968,2.407505958114314,15.423748409295987,235.74515755941215,1.2603806862999247,60.920385435071985,3756.097049808942,2.2512953548174393,15.88810928316386,312.03037646534096,2.277719790160666,2.160984636994725,4.662721506988844,1.2551259681653515,32.09770887152033,1061.3360770834756,2.431051150271147,17.358060000909056,243.816059022093,1.554757711010433,61.51528539138355,4157.693423827601,2.5557029554864137,4.373851624474715,19.16228963870637,1.258869780159088,5.5991911400621435,30.40724283558793,2.5179245699491197,26.1813809026879,923.3198149433147,1.5111141124245404,16.38132098574429,315.74485641760015,2.4131811663135627,54.39088119627581,2148.326465263432,1.8651101172013798,4.32218543595787,18.757996523785714,1.2565069283497208,5.755461872340345,32.57262155848521,2.2433103060504918,36.92706364371093,1488.1613752482788,2.3907572928353944,21.01388231338319,446.27064779652426,1.2601163318595614,61.701734623082714,2654.4826086242815,2.362194608003196,12.594897308735113,158.0986045368453,1.6385323701214987,5.2133941274352775,27.831225226693583,2.3339277076720824,27.650736170566272,688.6733397367353,1.2312831365325594,23.83238154129361,471.1003893406121,1.7489897710029545,27.316781205201647,746.0922825455649,1.2606945720003087,8.062496284319176,65.4813158143546,2.145072892066843,5.512175453543177,30.333371121300264,1.9462034725667121,15.378208278378883,238.3582643679677,1.2677572151095433,26.934182982678056,596.6098827203828,1.8477593645515333,23.2328770592294,540.0738398160807,1.2603506297778981,18.202685830193257,332.2511979865817,2.7682086515563227,4.142795729440312,17.19078574267356,2.304623937778692,16.26183661772027,480.77685550601757,1.6060217388297127,16.58374533875318,245.21776497142775,2.4728042397468055,30.48381184462784,887.0084875223446,2.0973911515326735,10.909306193521708,118.88181339659215,1.258900918355036,4.1518900218243315,17.15923023473099,1.2584075496890694,11.03833514738201,125.50203644052779,1.300455268294842,19.54837068629305,367.85323384247704,1.8894484116294847,33.409834459950254,1111.0869497657297,1.2591113124106212,20.371702735413443,400.93304490132925,2.404262639971392,2.6466525619276435,6.995412883693533,1.2540746662780298,35.716972123646855,1262.1068540190925,1.7950738107240087,20.682492460852362,573.7725464796441,1.7524423844423485,35.9545594987827,1989.8809378162114,1.8765894167077533,15.59363254211142,229.01491734928368,2.485307237163861,4.716176002041514,22.310783679162114,1.2565385169864696,30.292749098585723,943.389705703241,1.825043155831565,16.91245302913316,279.0493961865649,2.2507656590967886,73.54337235028682,5386.168535191507,1.5860304238859937,12.718310219900161,159.09752785784778,1.743431786852439,5.740187602818542,32.71879450999371,1.7637985146136157,40.57497203049876,1750.7753630243803,2.3518999303014594,25.842425208518804,646.0964454459589,1.361495563874444,52.043996634783724,4273.25254963108,1.7005999085264383,10.32380569899718,105.54180371011043,2.680880607912055,4.799648952721294,23.388587222341943,2.7546578760667426,16.297233345216384,268.26459102648903,1.257560082313629,20.475726676610073,421.6918140366075,1.2601754203596092,34.78997041636694,1208.2091785738753,1.2551842268157911,6.511770984380583,40.3461747995416,2.2356368818062733,4.672851536312453,21.786616390586463,1.5915570171133808,37.099917141044706,1301.2874462248324,2.2597351977315494,16.48262430503996,267.4784592423635,2.080664957521319,39.35238934345221,1513.837760730182,1.9342857372680466,11.881989530882088,137.92962625652484,2.5209068229017064,1.0029500584739284,1.0059602364030829,1.252625465696987,30.83101289056829,1049.4315268954792,2.333174967421156,22.210514230156292,492.97482803373634,1.2636938346089863,36.335347791887465,1316.5301070103806,1.2602436431374424,5.027542272093096,25.250167648516058,1.25571472589733,3.597801167920442,12.970343369214554,2.1280199573272363,19.231957538629622,367.47341575221066,1.2606073356891965,22.33499284319635,498.07902821690016,1.2887182699570248,27.525505740853518,802.9044422650876,2.1324656520967147,16.594326938726894,273.54798206183096,2.3004310262885848,4.579965313567498,21.378758072879545,2.705831673518145,32.380478781204104,1096.5195523879972,2.0126587727772156,18.945622055736983,189.39962845909258,1.2538284469713565,40.69168669154096,1651.7085591562602,1.2587582630649021,17.291560432709073,299.4168092161166,2.2485880883531157,4.953756807084884,24.48508189145681,1.2573425624933265,33.75442810934433,1130.3899330292345,1.6212005769975009,20.633485286338566,357.8750351668727,1.765629444957187,69.39748846002844,4422.671549490034,2.007289180215907,11.285807732175755,127.11374328441654,1.253552383910984,4.599146988133999,21.088801067016412,1.624415993210313,1.0,1.0,1.0,1.0,happy
